 200 50 0
 85 78 51 87 87 88 65
 96 82 87 60 100 56 96
 54 97 94 90 100 78 70
 82 57 61 51 63 60 96
 81 95 95 91 80 85 51
 66 52 69 70 63 57 71
 73 61 76 99 55 91 91
 95 56 96 70 62 98 81
 98 68 88 81 95 70 66
 76 67 52 75 100 100 56
 55 63 65 80 71 77 86
 94 79 86 78 76 82 91
 82 90 61 96 100 52 76
 71 93 56 96 63 74 71
 51 97 57 79 68 89 64
 77 59 74 83 55 80 64
 55 51 98 98 69 50 76
 93 65 82 98 56 86 73
 97 68 72 95 97 83 61
 96 80 77 90 50 69 77
 58 57 59 94 74 53 53
 61 55 70 96 76 60 74
 72 97 52 95 62 77 60
 66 55 50 85 59 86 95
 53 94 97 76 96 55 63
 52 65 90 77 81 100 70
 84 70 93 96 50 94 75
 54 89 89 99 80 76 52
 50 68 91 61
 10 8 9 9 11 10 11
 10 12 12 9 10 9 13
 7 15 13 10 17 8 12
 15 6 7 5 13 10 17
 13 19 19 11 10 15 5
 10 10 13 11 10 11 12
 14 9 11 17 10 10 10
 17 5 11 12 12 19 9
 16 12 13 17 12 10 12
 12 9 9 12 16 14 10
 10 10 7 14 12 14 14
 10 11 9 15 14 14 11
 11 13 6 17 12 6 14
 12 17 11 15 13 14 13
 10 18 6 13 9 13 12
 13 7 10 16 7 10 7
 7 5 12 20 13 5 9
 12 8 15 17 9 8 15
 10 13 7 10 18 13 6
 19 14 9 12 8 11 15
 7 9 8 11 15 7 7
 8 11 7 14 15 7 11
 14 18 9 10 6 8 12
 11 9 5 15 5 11 15
 8 18 10 10 11 6 13
 6 11 14 11 15 12 7
 15 11 9 15 8 11 15
 8 10 12 20 13 11 6
 6 9 14 7
 9 12 6 14 11 10 8
 15 13 17 9 16 10 18
 11 12 18 18 10 13 13
 13 11 6 9 9 7 12
 13 15 19 12 9 16 10
 8 9 8 11 9 7 12
 13 11 15 15 10 12 9
 9 11 15 14 10 11 14
 18 13 9 16 9 9 9
 8 10 6 8 13 18 9
 10 11 12 15 9 14 8
 13 14 9 15 14 13 14
 9 11 10 18 18 7 14
 13 18 9 10 13 13 9
 10 19 6 14 12 12 10
 15 11 7 12 8 16 7
 8 7 16 13 11 5 7
 17 7 13 12 10 9 13
 16 12 13 13 13 13 10
 16 8 7 10 10 14 10
 6 7 11 17 8 8 9
 13 10 14 11 14 8 15
 14 16 7 19 10 12 10
 8 10 8 13 8 16 10
 11 18 17 9 18 9 11
 10 12 11 9 17 12 13
 15 14 11 16 8 16 8
 6 13 11 15 10 15 9
 10 14 14 7
 14 10 10 11 12 15 10
 18 14 16 8 16 6 17
 10 19 16 11 20 11 8
 8 10 12 5 8 12 17
 11 15 15 13 11 10 8
 8 6 7 9 11 7 13
 14 12 8 19 9 12 16
 9 6 11 9 11 14 8
 10 9 13 10 19 7 8
 12 13 6 14 14 17 11
 8 9 10 13 8 9 12
 19 13 12 10 7 9 9
 11 11 12 19 11 5 15
 8 14 10 10 8 12 9
 5 11 11 12 14 16 13
 11 6 14 14 10 12 12
 10 5 12 20 14 7 10
 16 11 14 16 11 9 10
 11 13 8 12 13 9 6
 16 11 16 13 7 13 8
 6 7 7 11 15 6 7
 7 8 9 10 13 8 12
 13 12 10 15 12 9 7
 13 5 6 16 5 17 15
 10 19 14 14 14 11 6
 8 12 9 14 11 13 11
 15 10 11 15 9 9 10
 5 16 13 12 16 12 10
 10 7 11 9
 10 12 9 10 9 15 12
 13 13 13 12 11 8 13
 8 13 19 12 17 13 13
 9 9 10 6 10 10 14
 17 17 9 18 8 15 9
 13 9 10 11 10 10 10
 10 10 12 12 10 14 9
 19 6 11 11 12 20 12
 13 9 18 9 10 8 7
 12 13 6 15 20 18 10
 10 13 10 10 15 16 9
 14 10 11 10 12 10 14
 16 16 12 13 10 7 9
 13 12 11 10 10 13 7
 11 19 8 16 14 11 8
 13 7 7 16 10 15 10
 5 5 13 12 7 8 15
 16 12 10 14 7 16 13
 18 11 11 10 14 8 9
 9 15 11 9 8 7 11
 11 10 6 16 14 9 6
 12 10 12 12 16 9 13
 13 14 7 14 9 8 10
 13 11 9 10 7 11 19
 7 10 15 15 19 10 6
 6 12 16 12 14 16 10
 9 13 9 14 8 12 9
 10 18 11 17 9 7 10
 8 12 18 11
 10 9 8 16 13 9 11
 18 14 15 10 14 6 20
 6 11 11 12 13 15 11
 9 5 9 5 11 6 18
 14 10 12 13 15 16 9
 12 7 14 7 8 7 8
 15 10 11 13 6 18 18
 13 9 11 13 11 11 14
 15 12 12 13 17 12 12
 8 10 7 14 14 12 6
 7 7 8 14 12 10 15
 11 12 8 15 15 9 9
 8 15 7 19 17 8 16
 11 17 11 17 13 14 7
 9 16 9 8 6 12 9
 9 6 10 8 10 15 6
 7 10 16 16 12 5 15
 14 13 11 11 12 17 13
 13 8 11 10 10 17 8
 14 9 9 10 7 6 9
 6 11 8 12 14 7 11
 11 8 13 10 9 11 13
 11 16 11 16 8 11 10
 8 8 7 11 7 17 15
 7 13 19 15 14 9 10
 11 9 18 14 12 13 11
 15 7 13 18 8 17 8
 8 16 9 18 12 11 7
 5 13 13 8
 12 10 10 18 10 15 11
 14 8 15 6 12 7 13
 11 10 18 18 10 13 8
 16 12 7 5 7 6 11
 13 14 19 13 10 17 9
 12 6 12 7 9 9 8
 12 8 12 16 7 15 12
 15 6 18 14 11 17 10
 17 7 17 11 18 13 7
 12 9 6 12 15 14 7
 9 10 7 14 14 13 14
 18 11 12 14 11 12 18
 17 18 9 17 16 9 15
 13 11 9 12 7 7 10
 6 12 11 14 9 18 8
 14 8 14 15 7 14 9
 6 10 13 16 9 6 14
 9 13 17 19 7 10 9
 10 8 9 16 11 13 6
 12 9 12 10 7 9 12
 7 9 12 9 12 5 9
 8 9 9 18 12 7 8
 13 11 6 13 13 14 10
 10 8 6 9 8 8 16
 5 9 16 15 12 8 9
 10 12 14 14 15 13 13
 16 10 15 9 9 16 13
 10 13 15 15 9 14 9
 6 12 14 10
 15 13 7 9 13 10 8
 12 8 13 7 13 8 15
 10 11 16 11 19 13 9
 16 8 8 7 13 8 17
 12 10 14 15 12 16 9
 7 7 11 10 9 9 12
 15 8 14 10 9 15 16
 18 6 19 11 6 10 8
 15 8 12 9 12 14 9
 15 11 5 12 10 15 9
 7 9 9 11 14 10 14
 18 12 10 9 8 10 16
 15 17 9 12 19 9 8
 13 10 10 14 7 7 9
 10 10 11 11 9 10 7
 9 9 14 17 7 9 10
 9 5 18 16 13 7 14
 9 10 11 9 7 17 11
 15 11 12 16 18 13 8
 14 12 11 16 9 8 9
 6 12 8 13 15 8 7
 8 9 9 19 10 10 13
 12 18 5 19 10 9 12
 7 8 6 13 11 15 14
 8 17 12 9 16 8 9
 9 11 11 16 13 14 9
 13 8 14 12 8 11 8
 6 17 9 20 15 12 10
 6 11 10 9
 16 12 10 10 9 17 11
 14 8 13 7 15 7 10
 8 19 11 15 10 13 9
 11 8 10 10 10 7 17
 16 18 15 17 10 10 10
 7 9 11 7 11 11 13
 12 12 15 13 10 11 18
 16 8 10 12 8 11 8
 18 10 14 8 16 11 11
 15 9 9 9 11 17 10
 6 10 7 10 7 14 13
 17 10 15 9 9 14 13
 9 17 6 10 16 10 12
 13 13 11 19 10 10 9
 6 15 10 13 13 9 9
 10 6 13 13 5 8 9
 7 5 15 17 12 10 9
 18 9 15 10 9 13 11
 16 11 8 11 17 9 7
 19 9 12 14 9 7 10
 8 6 7 16 14 10 8
 8 10 11 11 7 6 15
 11 18 9 16 7 9 7
 13 6 10 17 9 9 17
 11 13 17 14 12 7 7
 7 7 9 14 13 10 14
 11 14 10 15 7 16 11
 10 13 12 10 15 14 7
 6 9 10 11
 11 10 8 11 16 16 11
 15 14 12 9 10 8 18
 6 17 17 9 12 11 7
 12 8 9 5 8 8 11
 17 18 19 11 10 14 10
 12 9 7 11 10 10 10
 9 9 14 15 9 10 12
 19 7 11 7 9 15 12
 20 7 8 13 9 8 6
 9 9 10 11 20 14 6
 6 8 8 12 8 10 12
 17 10 8 12 14 9 15
 15 9 8 12 14 5 7
 10 10 12 9 12 8 9
 6 12 7 8 12 17 12
 16 10 8 17 5 12 8
 7 7 12 11 13 10 9
 14 8 16 19 11 12 9
 18 7 11 17 13 10 9
 11 13 12 18 7 9 10
 6 7 10 14 12 9 11
 12 7 7 11 16 12 7
 14 10 5 19 10 13 7
 6 5 10 10 9 9 17
 9 14 16 7 12 9 8
 9 9 11 9 16 15 13
 14 11 11 17 7 14 10
 6 14 18 15 12 10 9
 10 13 15 6
 8 13 6 16 18 10 7
 17 11 14 11 15 6 19
 9 20 12 18 18 10 9
 16 10 7 5 8 12 16
 13 17 17 15 11 16 7
 9 6 11 14 11 11 8
 13 12 9 17 8 9 10
 14 9 9 9 9 15 11
 17 9 16 16 11 12 12
 9 7 9 10 17 10 10
 8 8 7 12 12 12 16
 17 8 12 15 9 10 11
 11 16 12 12 13 10 9
 10 15 8 19 7 14 13
 10 10 6 13 11 18 12
 12 12 9 11 8 13 12
 11 7 12 10 13 10 16
 9 6 15 16 6 16 9
 17 12 13 19 18 8 11
 17 10 12 18 7 9 8
 7 9 9 19 13 6 10
 10 9 13 10 14 9 12
 9 19 10 17 8 14 8
 12 10 9 13 6 9 16
 7 15 14 7 12 10 11
 9 8 18 8 12 20 13
 12 9 10 15 9 15 9
 9 8 9 12 8 12 6
 10 14 18 10
 8 14 5 9 15 14 11
 10 16 15 10 20 10 19
 10 18 17 17 12 9 13
 15 11 8 9 8 7 13
 9 14 17 16 15 15 5
 13 9 8 9 7 9 13
 10 10 9 10 7 18 17
 13 8 15 11 7 16 12
 9 7 18 15 15 11 8
 12 8 6 7 12 18 10
 5 8 12 11 9 14 14
 16 12 11 15 13 10 12
 9 15 8 11 14 9 13
 14 17 7 15 13 9 7
 5 16 7 14 14 11 13
 13 10 9 10 11 13 12
 10 7 16 15 11 9 9
 14 10 15 16 10 17 7
 18 9 13 14 9 12 8
 16 8 13 10 7 11 14
 10 9 10 13 9 10 8
 8 11 12 15 12 12 14
 7 13 6 12 7 15 9
 8 6 6 14 9 10 10
 9 14 16 8 18 9 8
 9 13 17 11 13 17 7
 10 11 16 12 5 18 14
 9 16 11 15 9 11 10
 8 7 11 12
 10 13 10 12 15 9 9
 11 14 9 12 12 6 18
 5 18 10 15 10 12 13
 14 5 9 7 12 7 14
 10 15 15 11 15 11 6
 13 6 11 13 6 12 13
 11 11 10 19 9 15 14
 16 7 17 9 10 15 13
 12 11 17 13 12 11 8
 10 10 9 15 18 20 6
 9 6 10 14 8 7 17
 14 9 11 15 14 8 15
 16 11 6 19 11 9 12
 9 14 8 11 6 7 7
 10 14 11 13 11 13 9
 10 11 10 16 10 14 11
 8 6 14 15 9 9 14
 14 13 14 19 8 11 9
 9 8 8 17 18 11 13
 12 16 11 11 9 12 12
 7 12 6 19 14 8 9
 12 6 8 10 14 12 11
 9 15 7 13 10 13 12
 10 5 6 8 6 15 13
 5 14 14 13 12 9 10
 8 12 17 12 10 19 12
 8 13 16 16 5 19 13
 8 12 18 17 12 12 5
 5 8 11 10
 12 8 5 9 12 16 6
 11 12 11 11 20 9 13
 11 19 16 15 20 14 14
 9 5 9 8 13 8 16
 17 12 10 15 15 15 7
 6 7 13 8 7 5 12
 10 8 9 14 7 18 14
 18 6 17 14 10 12 12
 15 12 14 13 13 7 9
 11 7 10 9 13 13 9
 7 11 10 16 12 12 18
 13 15 17 10 14 12 17
 13 18 8 14 15 10 12
 10 10 10 17 13 8 8
 9 14 6 15 12 9 11
 7 10 11 16 7 11 9
 9 6 10 17 10 7 10
 18 6 16 12 11 9 10
 13 10 14 16 15 15 7
 10 12 9 16 6 9 16
 10 7 11 17 12 5 11
 10 8 14 19 9 12 14
 14 13 7 17 9 14 6
 12 10 10 10 7 14 19
 8 15 19 10 9 6 7
 5 13 9 11 16 14 8
 15 12 17 18 9 14 11
 7 13 17 19 15 12 8
 5 10 19 9
 8 10 10 14 9 12 9
 12 9 17 10 18 11 13
 8 12 16 9 13 13 7
 10 6 11 10 10 11 11
 10 13 19 10 15 14 11
 11 9 14 12 9 9 14
 7 7 9 10 7 16 13
 10 11 15 14 8 14 15
 17 9 17 15 17 9 10
 15 10 6 13 14 15 6
 9 8 8 9 10 15 10
 10 15 11 14 11 10 9
 14 11 10 12 13 6 11
 11 11 8 14 9 12 8
 9 18 8 11 9 16 9
 8 8 7 14 11 14 9
 9 9 19 9 7 7 10
 11 7 14 13 5 10 9
 12 12 9 15 17 9 11
 11 13 12 10 7 10 12
 5 9 12 15 14 9 9
 7 8 11 10 14 9 13
 9 17 8 15 7 9 8
 11 10 9 9 11 10 15
 7 12 12 10 19 8 8
 10 12 17 15 10 14 12
 16 7 13 16 6 18 9
 9 15 17 13 15 14 9
 8 12 16 8
 9 12 9 13 13 10 11
 14 12 14 9 17 12 14
 11 11 10 17 15 12 7
 15 8 12 7 11 6 11
 16 12 9 14 13 17 11
 9 10 7 14 13 6 12
 13 12 12 18 6 13 11
 13 6 18 11 11 15 8
 18 11 11 12 15 12 6
 15 12 6 15 12 15 10
 5 11 13 16 14 11 10
 14 10 12 11 12 14 17
 8 16 10 11 19 6 10
 8 15 5 14 11 12 14
 10 16 9 11 7 9 11
 15 7 10 12 11 11 8
 10 11 19 16 8 6 9
 10 8 16 13 8 9 12
 17 9 15 11 12 15 7
 10 16 9 10 6 10 11
 11 11 7 12 9 7 10
 9 10 14 13 8 11 15
 14 18 10 11 11 15 11
 12 10 5 11 10 15 11
 11 11 16 14 19 5 11
 7 8 14 9 11 13 12
 13 14 16 18 5 16 8
 9 14 13 20 9 11 6
 9 10 10 12
 13 9 6 9 13 9 10
 9 14 14 9 17 9 16
 11 10 16 12 17 15 14
 17 10 9 7 7 9 13
 13 11 13 10 14 15 10
 11 7 13 11 8 5 7
 13 8 11 18 11 13 12
 13 10 19 13 8 16 9
 15 8 11 14 18 11 11
 13 13 10 11 15 13 7
 11 12 11 15 12 10 10
 16 12 13 16 8 17 9
 16 14 12 15 14 5 11
 14 13 5 18 10 13 10
 7 13 7 13 10 13 11
 10 8 8 14 6 15 12
 5 5 15 12 9 5 8
 13 8 14 20 7 11 10
 14 9 7 17 12 15 11
 11 9 13 14 7 7 15
 7 10 10 9 15 9 6
 7 5 9 11 13 10 10
 12 18 8 17 9 8 12
 6 10 5 17 7 16 13
 11 16 12 7 17 11 13
 7 11 15 8 15 16 11
 8 9 11 15 9 17 13
 10 14 10 18 10 9 7
 6 8 11 8
 14 15 9 9 8 14 6
 10 15 10 11 14 10 13
 5 14 17 16 16 12 7
 16 8 7 7 9 9 9
 8 12 11 12 16 11 9
 9 10 9 8 6 12 7
 9 6 12 12 6 10 17
 16 7 20 9 7 10 9
 10 7 15 14 18 14 7
 14 9 10 13 15 11 9
 5 7 11 12 11 9 17
 19 12 16 10 9 11 9
 10 10 12 11 12 9 15
 14 17 6 14 11 13 11
 6 14 6 11 10 12 11
 15 9 11 12 8 9 10
 10 10 16 10 7 9 10
 9 7 14 10 11 14 12
 15 10 7 16 11 11 11
 15 14 12 14 10 10 12
 11 9 8 14 11 5 8
 9 8 14 16 14 8 14
 13 11 6 12 11 9 10
 13 11 9 9 11 12 13
 10 17 14 8 17 10 8
 9 9 12 9 10 10 7
 11 8 11 17 8 9 7
 10 14 9 12 10 13 7
 6 8 16 7
 12 10 7 17 17 12 10
 14 16 10 8 17 8 18
 10 15 16 15 12 13 7
 11 9 9 10 7 11 12
 13 14 17 14 9 13 7
 12 5 14 11 10 9 14
 14 9 10 12 11 13 12
 14 6 14 7 12 12 14
 13 7 15 9 14 11 8
 10 11 7 14 19 13 9
 7 11 7 16 7 12 17
 15 10 11 12 15 13 18
 17 11 8 9 10 6 9
 11 17 9 18 6 12 13
 8 17 10 12 11 17 10
 8 8 14 11 9 10 12
 6 9 16 18 8 6 11
 14 10 9 13 8 11 14
 14 7 9 16 11 16 11
 12 12 11 14 7 14 11
 10 6 9 16 15 6 9
 8 6 12 12 11 12 11
 14 19 8 19 11 15 11
 7 5 6 12 12 12 18
 10 16 15 15 12 9 7
 10 13 9 14 8 10 13
 14 9 17 14 7 19 13
 6 11 13 17 15 11 10
 8 8 11 8
 14 12 7 11 11 15 11
 16 14 10 6 19 10 16
 7 12 13 11 18 14 14
 9 6 6 5 11 6 11
 15 16 11 9 10 16 10
 7 10 14 8 10 10 8
 7 11 15 14 10 17 14
 18 9 13 9 13 14 13
 14 9 12 13 15 10 13
 9 10 6 11 19 18 11
 9 11 7 12 13 13 13
 14 12 17 8 8 16 12
 11 10 12 17 15 6 13
 14 11 8 19 10 8 9
 9 11 6 15 9 14 12
 7 9 11 12 9 9 7
 11 9 20 19 13 7 14
 14 7 13 10 11 8 13
 20 8 8 15 15 16 10
 17 10 12 14 8 11 11
 7 7 11 13 10 10 8
 8 9 14 10 15 6 12
 8 12 9 12 10 8 12
 9 7 5 11 10 12 16
 9 10 11 8 19 7 10
 7 12 9 8 14 15 14
 12 12 16 10 7 17 9
 10 13 16 11 8 14 5
 7 9 10 12
 8 14 8 13 12 12 8
 18 13 12 8 10 7 19
 7 16 17 12 15 14 14
 16 9 7 8 11 9 11
 17 17 19 9 14 11 7
 8 7 7 12 9 8 7
 14 10 10 12 10 11 17
 10 11 11 10 11 14 11
 15 7 9 16 17 8 11
 8 7 5 12 12 14 9
 10 11 7 13 15 10 14
 17 14 15 8 8 8 12
 13 11 10 19 19 10 12
 11 15 8 9 12 10 12
 8 18 12 11 14 16 12
 8 8 10 15 8 9 11
 8 10 13 16 11 6 10
 15 10 10 13 10 12 11
 18 13 13 11 15 10 7
 15 13 13 16 5 10 10
 11 6 10 9 15 6 6
 10 10 14 15 7 10 8
 7 18 6 19 11 8 10
 11 7 6 8 12 14 17
 8 10 13 15 14 11 12
 11 11 14 8 16 14 8
 13 13 12 14 7 15 14
 7 14 17 14 10 8 9
 10 12 16 8
 11 8 8 13 15 11 13
 17 16 16 9 17 8 11
 8 19 15 13 18 12 12
 16 9 9 7 8 8 14
 15 15 19 18 11 10 8
 13 9 12 8 6 9 12
 8 8 16 15 10 13 12
 10 7 15 9 11 15 9
 14 10 16 13 15 9 7
 12 13 9 8 16 12 11
 5 9 9 12 9 12 8
 19 13 16 8 11 12 12
 13 15 8 14 11 10 10
 9 10 11 14 9 10 11
 10 14 9 11 13 10 11
 9 8 10 8 10 11 12
 10 9 17 18 10 6 14
 16 7 10 18 10 16 10
 19 13 12 14 19 15 11
 14 11 8 12 6 11 7
 7 7 7 18 7 6 7
 11 5 11 10 10 8 12
 11 19 7 13 10 16 8
 11 10 7 16 11 13 13
 10 18 12 11 18 10 10
 9 8 10 13 15 13 12
 9 7 13 19 9 15 11
 10 10 12 11 13 8 10
 5 13 11 11
 12 12 6 12 11 14 6
 16 14 12 9 17 6 11
 6 17 15 16 10 15 13
 8 10 12 10 6 7 18
 14 13 15 13 10 13 7
 12 11 12 9 12 11 11
 14 10 16 12 11 12 18
 10 8 11 13 11 10 9
 16 8 17 11 14 11 9
 9 14 10 9 12 11 5
 10 6 9 13 7 15 8
 11 10 15 9 9 8 18
 16 13 7 18 11 11 12
 13 15 5 18 11 13 14
 7 14 5 8 7 9 7
 7 9 9 12 5 10 11
 10 11 13 16 11 8 15
 18 11 11 14 10 8 13
 19 7 13 15 13 10 7
 13 15 8 12 10 9 9
 7 9 12 14 15 11 6
 9 11 14 12 13 8 7
 10 14 6 16 10 14 8
 12 11 7 8 6 10 16
 7 16 16 12 11 6 11
 6 10 18 14 15 10 8
 15 7 17 10 10 17 15
 9 18 18 11 8 8 9
 10 7 15 6
 11 8 7 9 14 11 7
 11 15 10 10 15 10 19
 7 14 16 18 12 10 10
 12 11 7 6 11 6 16
 14 9 17 13 12 11 5
 12 5 14 14 10 11 11
 9 7 10 11 10 9 18
 13 5 14 10 12 18 15
 14 8 9 13 18 11 11
 13 12 8 9 10 15 6
 10 12 9 11 13 10 18
 15 13 11 9 11 10 13
 9 17 8 9 11 6 13
 12 13 12 14 13 10 12
 8 20 9 11 12 14 12
 7 6 8 15 8 9 7
 10 6 17 12 9 8 15
 11 13 11 15 11 12 10
 20 9 11 13 12 16 11
 16 8 10 17 9 11 9
 6 11 10 13 9 6 6
 10 11 12 14 14 6 12
 11 19 10 12 12 14 6
 13 10 10 15 8 17 10
 8 18 14 15 11 5 8
 7 10 13 15 10 16 7
 14 11 13 19 10 10 10
 11 15 10 15 16 15 9
 6 13 11 12
 11 9 11 16 12 16 8
 16 10 12 9 16 8 15
 9 10 19 15 12 8 11
 15 7 9 8 7 6 15
 12 16 18 12 12 17 9
 13 9 9 9 8 6 12
 15 6 13 19 5 12 13
 10 10 16 8 11 12 16
 18 13 18 14 11 10 13
 9 10 5 14 17 15 9
 5 11 11 16 12 8 9
 17 8 17 13 15 13 15
 10 17 12 11 15 9 13
 8 12 8 12 12 14 7
 6 17 6 10 12 17 10
 16 6 14 15 5 15 12
 7 6 12 10 8 10 9
 10 11 9 15 7 10 10
 18 14 12 19 10 15 9
 15 10 8 17 5 8 13
 5 6 7 19 11 5 9
 8 7 13 19 9 11 9
 7 18 11 10 6 10 6
 6 6 7 15 12 17 13
 5 12 18 15 15 10 7
 7 9 15 11 14 11 13
 13 12 16 12 6 18 9
 8 15 10 11 14 15 8
 10 9 12 8
 12 9 8 12 9 9 11
 11 17 13 8 14 7 12
 8 19 14 17 15 14 7
 14 8 9 8 8 9 9
 9 16 17 13 14 16 9
 10 11 10 10 8 6 7
 11 10 9 19 9 16 11
 19 10 18 9 10 10 14
 13 14 17 9 10 11 9
 11 6 6 14 19 10 8
 10 8 10 10 13 9 16
 18 11 17 15 15 11 19
 16 17 9 13 19 6 11
 13 12 6 20 10 15 10
 10 17 6 9 12 16 7
 15 7 12 10 9 15 6
 9 10 16 13 14 6 13
 15 11 15 14 10 8 8
 17 13 8 11 18 17 8
 15 14 13 15 10 13 11
 7 9 8 18 13 10 9
 8 9 8 13 8 11 9
 8 19 7 18 10 8 10
 8 11 9 14 9 14 13
 5 10 12 10 13 11 9
 7 11 10 12 12 19 10
 16 7 17 11 5 10 15
 8 12 13 16 10 16 6
 7 9 9 13
 8 13 9 11 12 16 9
 11 8 9 7 19 10 14
 8 14 13 11 10 10 8
 10 5 6 9 12 7 12
 11 10 14 14 16 9 6
 11 9 11 12 7 8 9
 13 9 12 12 6 12 10
 16 9 10 9 7 15 8
 14 6 12 9 13 9 11
 14 13 9 11 11 13 9
 7 8 13 9 8 15 15
 13 13 14 13 8 16 15
 12 12 9 18 16 8 13
 13 17 7 16 10 9 13
 8 14 6 14 7 10 6
 14 6 9 16 9 8 9
 5 6 12 14 7 6 9
 9 10 9 20 11 14 8
 16 9 13 16 13 14 11
 12 8 15 14 5 10 10
 9 7 8 14 15 10 6
 6 8 9 16 13 6 15
 14 14 9 10 13 15 9
 9 9 6 13 6 14 10
 10 15 12 13 15 6 12
 8 8 17 11 12 15 13
 17 7 18 16 7 9 10
 8 14 17 20 13 7 8
 9 13 15 12
 9 12 8 16 10 9 10
 19 13 16 8 19 11 16
 10 17 11 16 14 15 13
 15 9 7 7 10 11 12
 10 18 19 16 10 10 8
 12 8 13 10 11 11 9
 9 12 12 16 10 13 12
 14 10 16 12 10 14 11
 9 12 14 12 19 10 8
 9 7 8 11 17 19 10
 9 11 10 13 11 12 9
 12 16 13 12 15 11 14
 13 15 6 10 12 8 7
 15 19 9 11 10 10 12
 6 9 11 9 14 13 10
 11 6 10 10 9 13 9
 7 7 10 10 8 9 15
 9 7 16 15 6 13 9
 10 11 8 18 18 15 8
 18 16 8 17 9 8 8
 9 11 12 13 14 10 7
 7 7 11 19 14 6 13
 8 18 10 12 10 14 6
 11 5 9 14 8 16 14
 6 15 17 8 14 10 6
 11 11 17 13 16 12 8
 10 12 18 11 6 12 15
 10 11 13 19 13 12 6
 5 13 18 11
 13 9 9 17 14 16 7
 17 10 10 9 17 5 17
 7 18 10 14 18 13 8
 10 7 6 5 7 9 18
 13 15 19 18 9 12 9
 10 7 12 10 12 10 14
 10 12 13 13 6 13 9
 11 8 13 7 7 10 17
 17 8 9 8 15 11 8
 13 12 10 14 13 18 6
 7 13 9 15 7 15 9
 13 8 16 12 10 8 19
 11 12 12 18 12 6 11
 12 18 7 11 9 12 8
 7 10 10 14 8 10 12
 11 9 13 14 8 12 11
 7 10 16 15 8 8 16
 14 12 16 20 11 10 15
 17 10 10 17 11 13 12
 17 15 11 18 7 6 10
 7 8 8 10 15 7 10
 10 9 10 18 9 9 15
 8 19 11 14 7 14 9
 14 7 5 12 7 12 14
 8 18 17 8 17 7 6
 11 6 17 13 9 15 10
 11 10 18 11 6 12 8
 8 17 11 13 8 9 9
 5 9 11 6
 11 8 6 13 12 15 8
 11 13 15 8 15 8 18
 10 11 15 11 12 12 14
 13 8 12 8 13 10 14
 15 10 12 14 13 9 8
 11 9 7 10 12 7 12
 13 9 8 14 11 16 10
 9 10 13 11 9 17 9
 17 8 11 15 12 10 9
 9 13 9 13 14 13 8
 11 9 11 15 8 10 9
 10 15 14 14 15 9 13
 12 10 7 17 18 6 13
 14 11 9 12 7 14 14
 7 20 6 10 7 13 13
 9 10 8 17 7 13 8
 9 10 14 14 12 8 13
 17 6 15 10 10 14 13
 18 10 9 19 13 11 10
 15 16 14 9 7 13 10
 9 11 6 11 13 9 10
 8 8 14 17 12 10 7
 11 10 8 13 12 13 6
 13 8 8 13 6 8 15
 6 18 15 12 16 7 9
 8 9 12 15 15 16 9
 9 11 13 10 7 12 11
 10 13 9 12 12 13 7
 5 9 16 10
 13 12 7 12 13 11 13
 20 11 18 10 15 11 9
 10 16 19 9 14 11 7
 11 5 10 9 12 11 16
 13 10 14 15 9 10 8
 6 6 10 9 10 10 10
 12 8 14 17 6 9 12
 11 7 14 9 10 16 8
 18 12 18 13 18 7 11
 14 7 5 7 20 13 9
 10 12 8 10 10 8 10
 11 10 11 11 12 12 13
 13 10 10 11 16 11 10
 15 16 8 16 7 13 14
 7 19 7 13 14 12 7
 7 9 12 11 11 8 12
 11 9 10 15 9 5 10
 9 11 13 19 7 15 7
 20 13 7 15 14 16 9
 9 11 14 18 9 10 11
 12 6 6 10 8 6 7
 8 10 10 10 9 8 13
 11 18 9 11 11 15 12
 12 9 8 12 11 12 13
 7 16 17 9 10 11 7
 10 8 15 13 13 19 8
 12 11 11 10 9 18 11
 11 17 11 15 15 15 5
 6 8 16 6
 13 11 10 17 8 12 9
 18 8 10 7 15 6 18
 6 18 12 13 18 16 7
 13 9 11 6 7 7 14
 10 17 11 12 9 15 7
 7 5 9 13 13 5 12
 15 7 8 20 6 15 18
 13 9 14 13 12 17 8
 15 9 15 9 14 9 10
 11 9 8 11 18 15 7
 9 11 9 12 9 12 11
 18 16 9 13 13 12 16
 14 13 8 15 17 8 13
 14 14 11 11 9 11 7
 6 11 9 8 9 14 13
 13 8 9 15 7 10 13
 7 7 13 11 12 6 13
 13 11 11 11 10 10 13
 13 9 8 9 19 16 6
 15 9 15 9 5 11 12
 9 12 11 16 12 6 11
 8 10 8 13 10 12 8
 9 20 7 13 9 11 6
 10 8 9 16 11 11 17
 8 12 13 8 16 6 12
 9 10 15 13 9 15 14
 9 12 14 10 9 12 10
 9 14 9 12 14 9 7
 5 13 16 11
 13 14 6 10 15 16 12
 15 9 10 6 19 10 14
 7 19 17 9 19 12 11
 12 10 6 8 13 10 12
 12 17 16 19 15 10 5
 11 5 13 12 13 6 12
 15 6 13 16 5 11 10
 13 11 14 7 10 19 11
 12 9 9 12 13 10 7
 8 11 9 7 11 20 5
 10 6 12 13 14 10 13
 12 13 16 10 15 15 17
 13 13 12 13 17 7 10
 13 17 8 17 12 9 9
 8 15 10 14 12 16 10
 8 9 13 12 10 10 13
 6 11 11 16 9 7 13
 13 11 10 14 6 15 9
 19 11 10 19 15 17 6
 12 8 13 15 10 8 7
 7 11 7 11 11 6 11
 11 9 14 10 7 7 12
 13 11 5 16 8 16 6
 10 8 9 17 7 9 17
 8 11 9 15 19 8 10
 8 9 16 9 12 13 11
 13 12 11 13 9 16 15
 6 17 14 17 13 14 5
 6 13 15 7
 12 11 9 16 10 16 9
 15 8 12 12 12 9 15
 8 18 18 11 20 8 10
 12 10 6 7 7 12 11
 8 19 13 10 9 14 5
 10 6 12 12 9 10 12
 7 8 16 14 10 16 17
 9 11 13 11 11 12 8
 17 12 12 12 17 13 9
 10 13 8 9 18 13 8
 7 12 11 16 8 11 14
 16 8 15 16 14 15 10
 14 14 11 14 15 6 11
 10 16 11 11 11 12 9
 10 14 11 11 11 12 9
 10 7 14 10 5 11 11
 10 8 18 13 14 8 13
 14 12 8 18 5 14 13
 10 10 7 12 18 17 7
 18 15 11 15 7 9 15
 11 10 11 15 11 6 8
 6 8 10 13 15 8 14
 11 17 9 16 9 10 7
 14 6 6 10 12 10 16
 7 9 14 10 16 6 10
 6 13 11 14 16 19 10
 10 12 17 19 8 19 9
 7 11 12 17 14 14 10
 7 10 19 11
 17 7 6 12 15 13 10
 18 14 17 9 12 9 20
 9 14 11 10 15 11 12
 13 11 11 5 9 6 15
 14 16 16 10 8 10 9
 12 5 13 13 9 9 13
 11 6 14 10 8 10 13
 9 10 11 13 7 10 8
 19 10 9 11 16 8 13
 12 13 7 12 20 13 9
 8 8 13 11 13 11 14
 16 10 14 15 13 12 15
 15 18 12 13 11 7 9
 10 14 8 11 6 12 14
 8 17 7 8 13 18 9
 12 11 10 8 8 9 7
 8 8 17 17 11 8 9
 18 11 14 14 11 15 9
 19 12 8 16 10 13 12
 16 8 9 12 5 12 14
 9 11 6 13 7 8 8
 10 10 9 16 9 7 8
 9 11 6 19 12 11 10
 8 6 6 13 6 12 16
 11 19 17 12 12 8 7
 8 11 13 14 13 15 13
 8 8 15 17 9 14 13
 5 14 14 10 14 8 9
 7 7 16 10
 17 9 5 9 13 10 8
 17 14 13 8 17 5 12
 10 13 12 12 14 8 14
 9 7 8 5 13 10 11
 15 10 17 15 12 9 7
 8 7 11 8 12 10 11
 9 11 16 18 9 10 9
 10 7 14 13 10 14 13
 11 12 17 14 11 9 13
 13 13 11 8 19 13 7
 11 12 8 16 9 9 12
 11 13 11 9 12 11 9
 11 16 6 16 18 7 11
 9 9 11 11 13 15 8
 7 11 11 14 8 17 12
 15 6 8 14 7 15 13
 11 7 18 10 8 5 11
 16 12 17 20 6 15 14
 13 11 7 12 18 16 11
 10 10 11 17 10 10 15
 12 10 7 19 12 9 11
 8 8 12 11 15 10 13
 9 11 9 17 7 15 9
 7 10 9 11 11 13 9
 11 11 19 14 13 6 12
 9 6 17 13 15 12 14
 13 8 13 16 5 17 14
 8 16 15 20 8 11 11
 8 8 12 10
 11 12 9 11 16 15 10
 12 11 18 9 13 5 16
 7 11 18 18 12 14 7
 15 7 6 6 7 6 14
 12 16 19 11 11 11 5
 12 8 9 9 6 10 8
 14 10 11 17 11 18 12
 10 10 14 12 9 15 8
 13 11 16 17 16 12 9
 12 10 8 7 11 13 10
 10 10 9 10 13 10 14
 18 12 13 12 7 16 14
 11 16 12 11 13 9 14
 8 18 8 15 9 14 9
 10 13 9 14 12 18 7
 14 7 9 11 11 12 13
 6 6 17 16 13 9 11
 11 9 12 20 8 15 7
 10 11 8 19 11 10 8
 19 12 13 12 9 14 15
 6 11 7 13 9 6 8
 9 6 11 18 7 11 13
 9 19 8 16 8 9 9
 6 6 9 16 10 12 9
 10 10 17 13 18 5 13
 6 9 11 12 13 20 10
 16 12 12 14 9 18 15
 9 8 18 10 14 14 5
 8 12 18 7
 11 9 6 10 10 11 12
 16 17 13 12 14 6 13
 8 10 10 12 12 15 13
 12 7 9 10 11 9 10
 15 10 14 16 16 9 7
 8 9 7 12 12 9 9
 12 8 15 15 6 9 18
 14 9 11 13 12 14 14
 14 6 16 14 18 12 13
 11 12 7 11 11 11 8
 9 6 12 14 14 13 11
 17 15 16 8 15 17 12
 16 13 6 18 15 10 7
 13 12 10 14 9 9 9
 6 14 7 16 13 15 7
 9 10 8 13 7 16 13
 6 7 13 17 7 7 15
 17 7 16 10 11 9 10
 13 13 15 12 12 13 7
 11 14 10 12 7 10 13
 8 8 6 18 8 5 10
 8 6 14 16 8 11 10
 13 9 5 14 12 8 10
 6 5 7 8 6 9 14
 10 10 18 12 13 8 6
 6 11 9 16 8 12 10
 13 12 19 17 7 14 13
 11 14 10 10 14 14 9
 8 13 10 11
 14 11 6 11 17 9 11
 19 14 10 11 16 10 10
 7 16 14 11 15 8 10
 14 6 7 7 7 10 15
 12 10 16 11 16 8 7
 11 10 13 13 8 6 7
 13 8 9 20 5 14 12
 17 5 12 8 8 14 14
 15 9 13 8 14 10 10
 8 9 11 10 10 16 10
 10 12 9 8 11 14 17
 17 9 10 13 13 16 17
 12 13 10 18 13 7 10
 14 16 8 10 12 14 14
 6 12 9 12 12 13 8
 8 10 9 11 11 10 11
 10 8 20 10 13 5 14
 15 10 14 10 7 8 10
 15 13 13 18 18 15 11
 16 9 9 18 6 12 15
 11 9 12 11 8 7 8
 8 11 14 13 10 10 13
 8 17 5 13 7 13 6
 8 8 5 16 12 9 10
 9 15 10 14 18 9 10
 6 8 13 11 15 13 7
 11 7 14 12 8 17 12
 11 15 15 19 8 13 5
 8 13 17 8
 13 7 9 10 12 13 11
 13 16 14 10 10 7 16
 11 12 18 18 10 12 14
 12 10 13 9 6 7 17
 11 17 14 16 11 17 7
 6 6 9 8 12 9 14
 8 12 8 14 7 9 13
 12 10 12 11 12 10 16
 10 13 10 10 17 11 10
 12 11 10 13 13 18 8
 7 8 6 16 9 11 17
 9 11 12 10 7 13 11
 13 11 8 12 11 9 9
 7 10 10 9 11 15 10
 9 18 12 15 12 13 11
 15 12 10 13 9 15 8
 7 5 10 19 12 10 13
 16 8 8 12 10 10 9
 17 12 14 15 13 12 9
 16 11 10 13 8 12 12
 10 9 11 11 11 9 6
 7 10 12 15 11 11 12
 8 14 10 10 11 12 10
 6 8 10 16 10 8 17
 8 13 15 8 12 7 7
 10 6 14 8 10 17 13
 10 7 12 13 7 19 15
 10 17 13 14 12 8 7
 10 10 15 8
 10 8 8 11 15 10 11
 16 13 12 11 14 11 13
 6 10 11 15 19 11 10
 10 9 12 6 10 6 12
 11 14 10 9 13 14 7
 13 8 10 7 11 9 11
 15 10 15 16 6 10 17
 10 7 11 8 6 12 11
 20 9 10 15 10 12 7
 9 10 10 14 19 19 9
 5 13 11 10 13 10 10
 17 15 15 10 15 9 16
 11 10 6 16 14 5 9
 10 10 10 12 7 13 9
 5 12 8 15 9 16 8
 10 11 11 10 8 14 6
 8 8 13 9 13 5 15
 17 11 13 13 8 15 14
 17 9 13 9 10 14 6
 17 16 13 13 6 13 11
 5 7 12 12 10 7 6
 10 10 11 11 11 7 9
 8 12 6 17 8 11 8
 10 11 8 17 9 17 15
 5 11 19 16 19 11 13
 6 10 14 9 14 15 7
 12 10 13 18 6 17 12
 10 13 11 11 10 16 10
 6 13 9 11
 8 14 7 13 16 14 10
 15 9 17 6 15 7 14
 7 12 9 18 20 8 8
 15 6 6 9 11 11 15
 15 14 15 15 10 12 10
 14 7 13 8 8 11 9
 7 9 16 19 7 18 18
 12 9 12 14 13 16 9
 10 8 12 15 12 13 11
 12 7 7 9 19 12 8
 10 12 8 12 14 9 8
 17 14 10 9 13 15 18
 16 11 8 14 18 9 13
 8 12 9 15 7 10 12
 10 14 10 16 9 11 12
 11 10 11 9 8 16 13
 8 11 19 17 8 6 11
 19 8 11 12 6 16 12
 19 11 13 11 14 12 11
 14 15 15 18 7 9 12
 6 11 10 11 15 8 9
 7 9 14 12 10 8 13
 8 10 6 10 9 13 6
 11 5 10 17 9 10 10
 7 13 11 9 19 6 7
 5 10 18 10 15 11 7
 16 7 14 11 10 14 15
 5 12 14 18 16 15 5
 8 8 16 6
 12 9 11 15 9 18 8
 17 13 10 9 16 6 12
 9 19 10 17 11 10 11
 10 11 11 6 11 7 13
 12 15 12 12 14 11 6
 10 9 11 9 7 6 8
 8 11 10 19 7 12 12
 14 11 16 13 8 15 13
 19 10 12 11 17 8 9
 13 8 8 10 20 10 9
 7 9 9 10 10 13 12
 19 10 14 11 14 12 16
 8 15 7 12 16 6 13
 12 15 8 10 8 13 14
 6 9 8 12 13 16 10
 9 9 11 14 6 16 11
 9 11 11 9 9 9 15
 19 9 11 12 11 10 10
 15 9 14 18 16 13 8
 13 14 13 17 7 12 11
 9 5 8 16 10 8 6
 9 11 13 19 15 9 10
 10 12 5 11 8 12 12
 11 7 9 13 9 12 13
 7 11 17 9 11 8 11
 6 8 9 11 15 20 11
 9 13 14 13 6 12 10
 6 10 11 17 9 7 9
 9 14 9 11
 17 11 5 13 11 16 11
 15 11 14 7 16 8 17
 11 14 13 15 12 13 12
 14 7 12 6 7 6 10
 15 15 12 12 11 13 7
 10 6 8 8 6 11 10
 8 13 13 13 6 10 9
 14 8 11 13 7 17 15
 12 12 9 9 18 7 8
 8 9 7 7 15 19 11
 11 11 12 8 11 10 12
 17 8 8 8 9 14 9
 10 17 6 11 15 10 7
 8 13 11 12 10 7 11
 5 15 8 12 13 14 8
 16 9 9 9 7 9 10
 8 5 16 17 11 7 15
 12 12 12 15 8 16 14
 19 8 12 12 17 13 11
 14 10 10 16 9 8 7
 12 10 9 12 14 9 11
 10 9 7 10 9 7 10
 11 19 5 17 12 10 9
 13 7 7 15 10 16 11
 6 11 10 10 10 6 12
 9 12 9 11 15 13 9
 13 14 13 16 9 10 12
 6 14 12 19 9 14 10
 10 9 14 6
 9 15 8 12 13 11 12
 18 9 16 12 15 6 14
 6 13 10 10 15 12 10
 16 10 11 7 9 10 11
 14 13 16 12 8 10 10
 9 7 11 8 8 8 11
 9 11 7 13 5 12 16
 14 6 13 14 8 12 12
 13 10 9 14 18 11 9
 13 8 7 13 19 10 6
 6 9 12 10 12 12 17
 15 10 13 10 13 13 16
 12 17 6 9 20 5 12
 9 11 8 10 13 12 12
 7 10 5 9 7 18 11
 14 8 8 11 7 11 10
 7 9 12 14 9 7 10
 10 10 8 16 6 18 9
 18 9 11 12 14 11 7
 14 11 11 11 6 7 11
 9 8 10 11 15 9 10
 9 9 8 12 10 11 7
 8 19 8 13 13 15 9
 7 6 10 16 11 16 13
 6 15 15 10 13 9 10
 6 13 18 8 9 20 11
 16 10 9 18 5 13 11
 6 15 13 12 10 11 8
 7 13 11 11
 13 10 8 10 17 13 9
 17 8 9 10 20 5 20
 9 12 10 17 16 15 7
 9 10 9 5 12 7 10
 11 18 12 13 8 14 6
 7 6 8 8 9 8 9
 11 11 14 17 10 18 17
 11 7 10 8 10 15 13
 16 12 16 10 16 7 8
 15 13 7 10 18 14 12
 7 10 11 13 15 11 18
 17 16 13 15 13 9 18
 15 9 11 17 19 11 13
 9 18 7 15 7 7 7
 10 20 7 15 9 10 10
 10 6 8 11 8 8 13
 6 6 18 14 8 5 15
 9 8 14 9 8 13 12
 13 7 11 11 16 10 6
 10 11 13 10 5 10 10
 11 11 8 11 10 7 8
 8 7 9 17 14 12 7
 13 19 7 19 6 14 8
 12 6 8 13 7 10 16
 7 14 15 8 19 7 6
 7 7 9 8 8 20 10
 12 14 9 11 7 14 13
 8 16 12 12 14 10 7
 10 6 10 7
 16 11 7 17 18 18 12
 17 13 15 7 13 5 19
 11 17 15 18 14 10 9
 13 9 10 10 7 12 12
 16 12 17 18 12 15 9
 11 8 10 7 9 8 10
 10 11 16 10 11 13 18
 9 8 12 11 11 17 9
 11 13 9 10 17 12 10
 8 14 11 15 12 18 8
 6 10 8 13 8 13 13
 19 9 10 12 8 9 15
 9 12 10 19 18 8 15
 13 16 11 18 8 10 10
 7 19 5 15 7 14 7
 16 7 15 16 6 16 10
 9 8 18 14 9 7 13
 9 12 10 16 10 17 15
 13 13 10 10 13 16 8
 17 13 16 17 10 13 11
 8 10 6 16 9 10 8
 7 7 8 12 11 11 8
 9 16 10 12 10 14 10
 7 11 7 12 10 15 16
 6 18 11 11 17 9 10
 8 9 10 15 13 12 9
 9 14 16 12 7 17 8
 6 11 12 10 16 10 7
 8 7 14 12
 10 13 8 9 17 18 9
 16 11 16 10 11 10 17
 8 13 12 10 11 13 12
 14 9 11 8 12 10 17
 8 16 17 11 12 8 5
 8 8 14 9 6 12 13
 11 11 12 17 11 19 17
 17 10 12 11 8 13 10
 18 14 13 10 19 9 14
 8 6 9 14 11 18 7
 7 10 11 15 13 11 11
 13 11 10 9 12 10 13
 16 9 6 17 10 5 10
 9 17 7 19 8 12 12
 10 19 11 16 7 13 8
 15 8 15 11 9 12 12
 10 10 11 11 10 5 9
 9 11 17 18 6 13 11
 11 8 8 11 13 14 10
 14 9 12 10 8 10 11
 8 11 6 12 11 10 8
 6 8 8 12 9 10 14
 10 15 10 11 11 10 8
 11 9 7 15 9 15 16
 8 12 15 8 11 11 12
 11 9 15 14 10 19 10
 11 12 13 17 8 14 11
 7 9 17 17 10 11 8
 7 13 16 10
 10 9 5 13 14 15 9
 13 17 12 12 11 9 12
 9 15 15 12 10 11 9
 10 12 11 10 8 11 10
 16 9 11 15 13 12 5
 12 6 9 9 11 6 13
 9 12 9 14 7 17 16
 10 10 16 14 8 10 8
 15 8 18 13 15 11 12
 10 10 9 15 13 16 6
 9 10 9 16 10 11 10
 11 10 12 13 13 15 18
 15 12 12 16 13 9 15
 11 15 5 18 7 8 7
 9 15 11 8 14 10 11
 14 5 9 14 8 16 10
 8 7 13 12 13 10 9
 14 6 8 16 7 10 13
 17 8 11 13 11 13 11
 17 10 9 9 7 10 10
 7 11 9 10 7 7 7
 6 9 12 16 12 8 9
 13 10 8 14 9 8 6
 8 6 8 12 6 14 14
 10 16 11 12 13 6 8
 6 12 18 13 8 15 11
 16 13 10 9 8 13 15
 10 16 12 17 12 9 7
 6 12 10 8
 15 9 8 9 13 18 9
 14 17 17 11 20 10 16
 10 13 13 10 18 9 13
 14 6 9 6 12 6 15
 17 14 12 10 8 15 7
 12 7 10 8 7 12 8
 10 7 10 16 6 13 10
 10 11 12 11 10 12 14
 19 7 16 12 15 10 13
 12 7 6 11 17 11 6
 9 9 13 11 8 14 9
 19 12 10 12 11 12 10
 9 18 10 11 19 10 9
 7 10 9 14 10 13 13
 8 12 10 13 13 11 8
 8 8 9 17 5 10 13
 7 8 18 13 8 6 8
 18 11 13 15 5 14 13
 18 13 9 9 17 11 6
 12 11 13 16 5 14 12
 6 12 8 10 11 9 10
 6 6 9 13 11 9 13
 9 11 8 12 12 16 11
 11 10 6 17 11 15 18
 6 17 11 11 15 8 11
 6 10 12 13 12 11 12
 9 10 15 11 10 12 13
 7 9 18 19 11 7 6
 7 13 13 8
 13 15 6 10 14 15 11
 13 14 9 10 12 6 11
 7 16 10 12 16 15 7
 16 6 10 5 11 9 19
 14 11 13 12 16 10 6
 8 9 13 11 11 7 14
 15 11 15 12 5 15 17
 14 11 9 12 7 17 9
 13 14 16 13 10 11 13
 15 9 8 11 16 16 10
 9 11 8 13 8 15 17
 17 13 17 15 8 11 9
 8 13 9 11 13 9 10
 11 11 6 19 11 12 11
 9 10 8 15 9 16 11
 11 6 12 15 8 12 12
 9 9 9 16 7 6 13
 9 6 14 16 10 15 14
 18 6 11 17 12 10 7
 14 15 16 14 10 9 16
 8 8 8 11 7 5 9
 12 9 14 14 13 12 14
 12 9 8 10 7 7 7
 10 10 8 9 10 11 17
 5 12 14 11 10 6 7
 7 7 13 11 15 19 11
 17 11 11 12 10 15 10
 11 12 14 17 15 12 9
 7 11 15 11
 1127 1164 1120 1150 1131 1138 1122
 1121 1100 1156 1144 1138 1161 1118
 1148 1130 1091 1150 1130 1139 1142
 1122 1137 1136 1151 1101 1154 1132
 1126 1125 1120 1145 1158 1130 1145
 1146 1116 1130 1122 1114 1143 1119
 1102 1099 1109 1166 1138 1103 1121
 1135