 500 25 0
 51 79 73 70 53 53 51
 84 72 68 89 65 62 96
 76 78 94 63 82 61 66
 55 60 63 50 63 91 65
 64 55 80 74 95 96 56
 90 91 60 59 68 80 82
 100 70 52 79 62 51 78
 95 56 81 75 50 80 84
 83 92 54 72 57 87 84
 53 94 75 79 63 84 57
 60 92 92 60 53 72 82
 69 84 88 58 70 85 82
 55 60 93 87 95 81 67
 53 65 76 69 92 71 76
 76 61 75 70 91 95 60
 70 50 91 65 60 98 55
 84 75 84 94 63 98 78
 64 85 53 79 65 66 99
 77 75 78 71 90 56 98
 65 75 85 90 54 68 54
 65 95 83 64 87 63 79
 83 70 61 80 51 93 55
 62 63 83 100 75 55 91
 53 79 71 61 91 76 50
 93 89 57 77 60 60 54
 93 53 70 69 74 84 82
 75 90 66 70 95 91 100
 98 51 71 54 87 67 73
 65 80 74 56 89 86 56
 75 77 91 91 51 92 86
 94 95 62 64 72 53 56
 97 57 98 94 95 77 63
 58 51 55 53 96 70 92
 86 75 84 79 65 72 87
 53 66 64 80 76 87 80
 50 60 86 70 56 76 97
 84 58 54 88 68 58 67
 100 55 85 86 78 72 75
 64 80 73 94 81 86 60
 66 77 58 59 82 60 96
 87 71 86 88 83 80 69
 50 77 50 73 73 88 59
 83 77 89 93 79 99 73
 83 63 89 55 85 67 86
 88 96 55 93 75 98 84
 51 75 62 86 65 54 98
 57 73 87 56 70 62 96
 94 64 90 82 56 64 59
 68 77 94 73 81 84 70
 55 93 71 95 98 99 80
 97 56 77 75 90 50 88
 95 68 60 72 97 51 88
 98 62 79 93 86 54 50
 89 96 79 50 86 82 68
 54 70 81 60 61 51 61
 64 64 65 93 54 58 90
 76 50 80 71 74 86 68
 68 76 97 92 85 68 87
 68 80 51 59 56 61 75
 81 98 74 71 72 82 69
 92 88 94 60 92 63 69
 77 85 65 50 60 85 58
 86 57 95 78 51 73 51
 50 73 71 50 76 100 88
 82 70 50 65 55 87 57
 84 81 74 79 80 97 93
 91 98 88 67 68 71 85
 91 69 58 92 79 62 80
 75 99 87 61 90 75 71
 96 82 92 62 53 55 86
 100 59 61 50 77 67 74
 90 53 81
 8 11 9 8 11 7 9
 16 14 9 13 12 7 18
 8 12 12 9 15 9 8
 8 9 9 5 8 12 6
 10 9 12 15 19 19 11
 10 17 6 11 9 11 13
 17 14 9 13 9 10 13
 14 10 10 13 5 8 17
 8 14 7 11 11 8 14
 10 10 12 15 11 12 12
 9 18 11 9 5 12 16
 7 15 16 7 12 16 12
 6 12 11 13 16 8 11
 6 13 8 7 18 11 14
 13 9 12 10 17 17 12
 7 5 13 13 8 19 9
 9 12 17 13 9 18 8
 12 13 7 8 12 9 15
 9 13 8 13 9 6 18
 11 15 15 18 11 10 5
 7 10 16 11 9 6 9
 9 10 10 14 9 14 8
 10 7 12 13 13 9 15
 5 13 8 9 14 10 5
 19 14 11 16 7 8 11
 17 8 11 10 10 15 16
 9 14 7 12 18 10 16
 15 6 9 6 15 13 9
 13 8 11 6 12 15 8
 15 11 18 14 10 15 15
 17 14 8 13 8 9 6
 10 5 14 11 13 9 13
 8 10 5 8 14 7 9
 17 14 11 9 9 13 15
 7 8 10 16 12 12 9
 10 9 14 8 9 12 10
 12 7 7 10 10 11 13
 10 8 10 14 9 10 7
 12 15 9 15 13 9 6
 9 15 9 6 8 8 13
 18 12 15 11 11 9 13
 10 15 5 14 10 18 11
 16 12 15 17 11 18 10
 9 11 15 7 8 8 11
 14 15 9 18 10 17 8
 8 11 11 10 8 11 15
 12 7 14 5 7 10 10
 14 10 10 16 8 13 7
 9 13 9 8 16 15 11
 8 18 14 14 19 12 8
 16 10 10 10 12 9 11
 12 8 10 8 17 6 9
 13 8 7 10 9 7 9
 10 9 9 8 17 11 7
 6 13 12 7 11 5 8
 9 8 12 15 6 10 11
 13 8 11 9 13 16 11
 11 8 16 14 15 14 12
 8 10 10 6 7 6 15
 8 20 12 7 14 15 12
 16 13 18 6 16 11 11
 11 14 9 6 6 17 8
 10 8 15 9 6 11 6
 8 7 13 10 14 17 12
 16 14 7 7 5 8 10
 17 11 9 10 13 11 15
 14 13 13 8 14 11 13
 11 11 8 12 8 13 8
 7 18 13 6 9 11 14
 14 9 17 6 6 11 14
 19 12 13 6 15 9 13
 15 9 11
 6 10 11 8 6 6 5
 11 15 13 11 10 10 17
 14 9 15 12 9 6 11
 11 7 6 10 8 16 10
 11 6 8 15 18 9 6
 14 17 9 10 9 11 11
 10 7 6 16 12 9 13
 12 7 15 15 9 11 9
 14 13 8 14 5 16 15
 8 14 15 9 9 15 11
 7 17 10 12 9 11 16
 13 15 9 7 7 11 16
 11 9 14 17 12 9 6
 9 9 16 7 16 10 14
 14 13 12 7 9 11 7
 14 9 14 7 10 10 7
 16 15 17 12 12 19 12
 6 10 6 9 10 12 11
 12 12 12 11 13 6 15
 11 14 15 10 5 14 6
 11 12 11 7 13 12 8
 11 14 6 11 6 12 8
 12 8 12 18 8 7 18
 8 12 8 6 12 14 7
 11 10 11 12 9 7 10
 9 7 7 11 8 16 9
 10 15 7 8 19 17 10
 13 9 11 11 11 13 13
 13 11 14 7 16 10 6
 8 15 17 16 6 11 13
 12 17 7 12 12 10 10
 16 7 16 14 11 12 12
 8 8 11 7 18 11 18
 10 13 16 11 10 13 17
 9 8 9 14 13 9 16
 8 6 13 12 8 10 17
 12 11 7 11 13 11 10
 17 9 9 16 8 7 14
 8 10 13 12 12 13 10
 10 8 11 11 15 9 19
 13 9 10 12 8 9 7
 5 12 10 14 12 14 8
 17 14 9 19 15 14 14
 13 10 15 11 14 13 13
 13 10 10 10 12 16 11
 7 9 12 12 9 6 18
 12 9 12 8 13 8 10
 18 6 13 11 8 11 6
 12 10 16 10 13 12 13
 9 11 14 10 12 19 11
 18 11 14 14 17 9 9
 16 12 8 9 12 5 14
 19 7 16 13 13 6 5
 12 12 14 7 13 16 9
 7 8 11 10 11 5 10
 12 11 9 15 7 6 14
 15 8 13 9 14 10 7
 8 11 10 10 14 8 9
 8 16 7 9 9 9 9
 10 16 9 11 7 17 10
 17 13 19 12 12 10 8
 9 10 7 9 10 15 5
 14 11 10 10 9 12 8
 7 8 13 9 14 17 12
 12 9 7 12 8 15 8
 13 14 14 11 12 14 18
 12 17 16 7 12 14 12
 18 11 9 10 13 7 9
 13 12 17 9 11 13 7
 11 8 11 10 8 6 10
 17 9 11 9 8 11 14
 17 7 13
 6 8 13 11 7 6 7
 11 9 11 15 8 7 10
 9 11 12 8 8 7 9
 6 6 12 6 12 15 8
 12 10 8 14 15 11 6
 17 14 11 9 7 13 16
 18 13 7 12 12 5 15
 14 11 11 9 5 12 17
 9 17 8 9 9 11 10
 10 15 13 15 9 12 6
 10 12 18 8 7 10 12
 13 9 11 7 10 11 12
 9 8 16 17 10 13 11
 7 9 12 7 15 11 14
 13 12 15 9 19 12 10
 14 7 17 8 10 18 10
 16 14 12 14 9 9 15
 9 15 6 10 13 8 17
 15 14 9 13 9 11 14
 9 10 14 12 6 13 9
 8 10 16 11 12 7 9
 12 13 12 8 10 11 10
 10 8 16 12 10 6 15
 5 9 9 9 9 15 6
 14 9 8 8 6 7 10
 10 5 13 9 9 16 13
 15 18 13 7 14 10 10
 16 8 11 6 12 10 8
 12 10 13 10 10 16 8
 11 10 9 12 8 10 10
 17 12 6 11 13 9 9
 12 5 11 16 18 9 12
 11 8 5 8 10 10 12
 13 11 13 10 12 7 16
 5 7 6 12 16 14 9
 6 9 17 7 10 9 10
 10 6 5 13 12 7 10
 12 6 13 15 9 10 14
 9 10 10 10 16 14 10
 7 8 8 9 15 12 11
 10 10 9 13 15 10 12
 6 13 9 14 14 11 6
 13 12 11 13 13 17 15
 13 12 17 9 14 8 11
 11 17 10 10 8 12 16
 6 12 11 16 11 11 14
 10 7 14 5 7 10 14
 16 12 18 10 9 6 12
 12 15 16 9 16 9 7
 5 13 9 15 16 14 10
 15 6 10 14 9 8 15
 14 10 11 9 15 6 11
 19 7 10 18 16 5 7
 13 11 10 7 17 8 11
 8 14 10 7 7 9 12
 11 8 8 13 8 8 15
 10 6 10 7 13 15 10
 11 12 17 11 15 12 10
 11 13 8 7 10 12 8
 9 15 10 7 12 8 9
 16 11 12 11 19 10 9
 8 14 6 9 10 16 6
 13 11 17 12 10 13 6
 5 11 12 9 14 20 10
 15 10 10 10 6 9 6
 9 13 8 9 15 16 12
 11 9 14 6 8 8 13
 13 13 9 15 8 13 9
 9 17 12 12 12 8 10
 13 11 11 11 8 11 13
 11 8 7 8 10 9 15
 14 10 14
 10 12 14 8 9 9 9
 15 10 10 16 10 11 11
 14 8 10 11 15 10 8
 9 12 13 9 12 9 7
 8 10 9 10 11 18 8
 12 11 12 11 7 9 16
 14 9 7 12 8 6 10
 12 7 10 11 6 14 8
 9 18 10 13 9 17 10
 5 17 15 11 7 10 11
 7 14 15 6 8 11 15
 7 14 17 6 9 12 9
 10 11 18 16 15 17 12
 10 13 8 9 11 8 8
 13 9 13 8 19 15 8
 14 7 10 9 9 20 10
 12 9 15 12 8 13 9
 10 15 6 16 9 12 16
 15 11 13 13 13 7 18
 11 10 13 16 9 7 7
 7 12 15 10 15 10 13
 11 10 8 15 8 18 9
 7 9 13 16 13 7 19
 11 16 8 7 13 8 9
 9 12 6 11 9 12 6
 16 7 8 13 12 11 17
 9 9 7 12 17 9 10
 13 9 9 9 15 8 10
 9 14 11 10 17 11 9
 15 14 14 9 10 15 11
 10 12 13 7 10 7 11
 13 10 15 19 10 12 13
 6 11 6 11 18 12 16
 10 8 9 15 9 13 9
 5 10 8 8 14 8 12
 6 9 13 10 6 11 16
 13 9 10 17 12 10 13
 16 8 9 17 16 8 15
 12 12 13 16 11 14 6
 10 16 9 6 13 7 18
 11 11 12 16 8 13 8
 9 12 8 13 10 9 8
 13 13 16 19 12 16 13
 10 6 13 10 15 12 18
 14 17 10 13 12 13 14
 9 15 8 11 13 8 14
 8 15 12 7 10 7 17
 11 10 16 15 6 9 11
 13 16 19 13 15 11 7
 11 11 11 16 11 15 13
 14 5 13 7 18 5 9
 9 9 10 10 15 5 13
 10 11 10 12 17 10 7
 11 14 16 8 10 14 13
 8 11 15 12 8 6 11
 13 9 13 18 7 6 9
 14 7 16 9 15 12 11
 12 12 13 10 8 9 14
 12 13 11 6 8 8 15
 12 13 14 13 12 10 8
 10 18 16 10 15 12 9
 12 9 7 8 10 15 12
 9 11 16 15 8 7 5
 5 8 11 7 7 18 14
 16 13 5 9 7 9 10
 15 11 9 9 13 17 15
 13 19 14 11 11 12 9
 16 9 6 17 11 6 9
 7 10 17 7 13 14 9
 16 12 14 12 9 5 10
 14 9 9 5 11 8 12
 15 11 15
 8 8 7 11 6 8 8
 11 8 12 15 12 6 15
 14 8 18 13 12 7 7
 9 8 11 5 12 12 7
 6 8 15 15 14 16 8
 10 12 10 10 8 11 11
 16 12 11 16 11 6 12
 14 12 11 11 9 16 17
 8 18 6 9 7 11 10
 6 12 15 13 9 16 12
 9 19 12 10 10 8 11
 10 8 14 7 11 17 9
 8 9 16 11 14 9 8
 9 7 8 7 10 10 15
 10 12 12 10 17 10 11
 8 5 13 10 11 13 10
 17 13 15 16 9 19 9
 13 16 7 10 11 9 13
 16 9 13 10 18 9 12
 9 15 15 17 6 12 7
 11 10 10 10 14 8 10
 14 14 11 12 10 17 11
 9 12 11 10 13 6 15
 6 13 10 12 19 9 10
 18 11 12 7 9 7 10
 13 5 9 8 11 16 16
 12 17 8 9 15 17 20
 20 5 13 9 12 7 8
 8 16 12 11 9 14 7
 8 12 15 10 9 17 9
 14 13 11 8 10 8 8
 14 5 19 14 16 7 11
 8 8 5 9 18 7 12
 14 10 16 15 7 11 15
 7 13 10 11 10 10 11
 7 8 16 7 5 15 13
 12 10 6 10 6 11 10
 12 7 16 14 12 11 8
 9 12 14 19 15 11 6
 13 15 5 9 15 11 12
 8 11 17 13 15 12 12
 6 8 8 13 13 17 9
 15 16 14 18 12 19 8
 15 6 9 6 9 11 9
 16 9 9 9 11 10 14
 7 15 8 14 6 10 20
 10 8 17 8 12 10 17
 14 11 11 17 6 9 9
 7 10 9 9 15 9 7
 6 11 12 13 12 13 11
 18 11 14 14 18 6 13
 19 12 8 14 9 7 15
 12 8 8 16 9 9 7
 15 18 11 6 12 17 8
 5 11 12 8 10 7 9
 7 12 7 16 9 7 9
 11 7 9 14 11 15 7
 10 12 20 11 13 6 17
 13 12 8 11 9 7 7
 12 17 9 10 9 10 12
 14 13 14 8 16 10 10
 11 14 8 7 10 16 6
 14 10 10 12 9 7 6
 10 12 11 9 11 10 17
 12 9 9 12 6 16 7
 11 13 7 16 14 16 17
 10 12 18 8 13 11 15
 16 8 11 12 12 7 12
 14 10 11 12 10 12 13
 15 9 14 7 10 10 17
 12 6 12 10 15 9 10
 15 10 12
 8 15 10 7 9 7 7
 12 11 9 14 12 12 11
 13 11 11 8 9 12 11
 5 7 11 6 7 13 6
 6 10 13 11 18 13 7
 11 9 11 7 7 8 15
 18 12 9 12 9 7 7
 12 12 11 14 5 10 12
 11 9 6 13 12 17 10
 9 13 11 11 6 13 9
 7 13 14 10 9 14 11
 7 16 17 7 13 14 11
 10 11 18 11 12 9 8
 9 11 13 11 10 7 11
 11 11 13 10 13 18 8
 10 8 17 12 9 16 6
 8 12 11 16 8 9 11
 10 15 7 9 12 10 10
 11 7 9 8 16 8 19
 12 14 16 12 8 8 7
 9 12 16 6 17 12 13
 9 14 12 12 9 12 6
 10 10 13 13 11 8 17
 7 12 8 6 13 11 9
 9 9 6 8 6 11 7
 15 6 13 13 9 14 12
 14 14 9 13 17 10 12
 11 9 7 9 17 6 15
 10 12 12 7 18 14 11
 15 11 13 18 8 15 18
 17 12 7 10 10 10 9
 19 7 15 14 9 16 11
 7 9 7 7 16 7 10
 16 11 17 15 13 11 17
 10 13 8 11 13 11 8
 10 8 13 13 10 12 20
 12 9 6 18 10 7 8
 17 5 11 15 15 7 9
 10 9 9 14 13 14 10
 10 14 11 11 9 8 17
 17 14 13 16 8 12 13
 10 7 6 13 13 16 10
 8 14 10 14 12 10 15
 16 6 12 7 10 14 9
 17 12 8 13 10 12 14
 9 14 6 14 9 7 17
 6 11 14 6 14 13 14
 16 13 16 11 11 10 7
 9 15 10 12 13 14 10
 9 13 11 19 18 19 12
 19 10 8 10 12 5 14
 13 12 10 15 19 7 15
 16 8 11 11 13 11 8
 9 12 13 7 14 15 11
 9 10 13 7 12 9 8
 11 11 9 18 10 10 9
 10 6 13 11 9 11 10
 10 9 10 10 13 9 11
 9 12 10 6 7 12 11
 11 17 11 7 15 11 9
 15 12 15 12 11 9 11
 15 11 10 7 6 13 8
 10 6 15 9 11 8 7
 5 8 12 9 9 12 9
 16 7 7 11 7 8 6
 11 14 13 16 15 19 13
 14 15 16 8 12 10 11
 18 11 8 12 12 9 15
 14 13 12 12 12 10 9
 19 9 16 7 9 10 13
 12 11 10 7 10 7 9
 16 10 13
 10 16 12 10 10 7 10
 11 11 9 14 9 9 18
 11 15 18 10 13 11 12
 6 12 10 7 9 15 9
 10 6 9 11 12 11 10
 13 10 6 11 13 10 14
 14 12 6 14 9 6 8
 11 9 15 12 10 11 16
 8 16 8 13 6 17 8
 5 19 11 9 7 14 6
 6 9 10 6 7 12 16
 10 17 16 6 10 14 14
 6 7 14 15 12 17 10
 7 7 8 11 17 11 14
 12 7 9 13 15 14 8
 13 6 11 13 11 11 6
 10 9 13 16 10 16 15
 12 10 8 12 11 9 19
 14 15 12 8 12 10 15
 13 8 12 10 10 11 6
 7 17 11 9 10 6 15
 9 8 8 16 6 11 5
 12 10 16 20 12 7 16
 7 13 10 9 12 8 9
 13 11 10 9 8 8 8
 18 11 14 13 10 10 17
 8 10 8 10 13 11 11
 14 10 10 9 12 10 13
 12 16 12 9 10 15 9
 10 11 9 18 9 16 13
 16 18 8 10 9 9 12
 18 10 20 11 11 8 12
 10 6 8 9 17 11 14
 14 11 16 15 10 11 15
 10 13 12 8 14 9 14
 8 10 17 11 8 12 16
 15 8 10 12 9 8 11
 15 10 16 9 10 7 8
 9 13 8 19 12 15 10
 6 10 7 8 8 8 16
 12 12 17 12 15 10 14
 10 11 9 9 7 12 11
 14 11 11 11 16 13 8
 14 12 18 8 13 11 17
 10 12 8 17 12 13 11
 6 14 10 13 11 5 16
 11 12 13 6 14 6 10
 15 8 9 17 6 7 10
 13 8 13 13 10 8 9
 7 10 8 15 15 12 15
 16 8 14 7 10 7 10
 18 12 8 12 12 6 16
 10 11 16 12 12 6 7
 11 16 10 7 15 10 8
 9 13 14 7 6 7 8
 13 8 9 12 10 9 13
 14 8 16 11 8 14 12
 12 10 9 15 13 11 17
 9 9 8 12 11 6 15
 16 19 13 11 8 17 9
 18 12 15 11 11 8 8
 11 17 9 10 10 9 10
 10 7 14 14 9 12 5
 9 13 12 7 14 20 15
 8 10 6 13 10 15 6
 8 14 12 16 10 19 9
 11 15 12 8 13 12 14
 12 10 11 16 9 8 12
 11 12 11 9 10 9 11
 10 17 11 6 11 7 10
 20 11 11 8 11 11 10
 18 11 11
 7 13 15 8 10 11 10
 13 14 13 12 9 11 15
 11 10 12 11 12 9 10
 9 12 7 9 10 17 8
 7 5 11 15 16 9 11
 10 11 6 12 10 10 8
 15 8 8 10 11 8 15
 13 9 12 15 6 14 16
 16 10 11 12 6 17 12
 9 19 9 16 7 17 10
 7 17 10 6 8 9 9
 8 12 17 8 8 11 12
 9 10 10 18 19 13 13
 5 7 8 8 13 14 7
 14 10 15 10 16 9 7
 10 8 18 6 8 18 11
 14 14 15 16 6 11 12
 12 17 9 16 10 10 19
 8 11 14 12 11 5 18
 8 15 13 16 11 7 6
 11 16 8 10 12 12 15
 13 13 8 13 10 17 8
 7 6 12 10 9 8 14
 10 11 12 6 15 11 9
 14 18 8 9 6 8 9
 17 5 8 12 12 16 11
 14 10 8 9 17 15 16
 20 8 13 8 14 13 13
 9 15 9 7 9 15 11
 9 10 12 18 9 15 13
 11 12 7 12 10 6 7
 17 6 17 11 18 15 10
 7 7 9 5 17 7 9
 14 10 17 9 8 13 11
 11 12 6 13 14 12 11
 10 8 9 9 11 15 16
 8 9 7 11 10 12 9
 10 10 11 11 11 12 13
 6 9 13 12 16 17 7
 9 15 12 6 15 12 10
 13 12 14 17 9 9 12
 10 12 10 9 8 16 12
 11 10 10 17 14 14 9
 14 11 18 10 15 13 17
 12 12 11 17 9 16 17
 5 13 9 16 12 10 17
 9 9 12 9 12 13 14
 17 10 17 13 11 9 8
 7 12 10 8 14 13 12
 6 18 10 14 18 11 8
 13 11 10 13 16 9 17
 17 13 7 8 13 7 18
 11 6 13 18 9 11 7
 12 20 16 6 11 10 10
 7 7 8 9 9 5 7
 12 8 12 9 7 12 18
 14 5 11 10 14 16 10
 13 9 18 12 10 12 15
 14 10 9 7 8 7 12
 9 17 10 14 8 11 9
 13 11 19 10 18 6 11
 9 12 12 6 10 12 8
 14 7 11 15 6 9 9
 9 12 13 6 14 12 17
 14 10 10 11 6 13 6
 12 15 15 13 11 16 17
 18 12 14 8 7 10 12
 18 9 7 14 15 8 12
 13 13 10 10 13 12 7
 20 15 11 10 8 11 16
 13 9 7 5 13 13 12
 14 6 10
 8 13 8 9 9 6 7
 14 8 7 11 13 9 18
 14 9 13 12 8 6 13
 6 6 11 5 12 18 11
 6 9 16 13 11 20 11
 17 16 7 7 11 12 14
 17 8 7 11 12 10 12
 17 7 17 15 5 11 13
 9 14 7 14 11 9 9
 5 14 14 15 7 13 6
 9 10 16 11 9 12 12
 10 12 14 8 13 10 14
 11 12 10 12 14 14 8
 5 11 11 9 10 11 14
 14 10 12 12 11 19 10
 12 8 12 11 11 10 11
 13 14 11 17 10 19 12
 9 13 8 15 8 9 19
 15 11 7 9 11 6 17
 10 7 17 13 9 7 11
 10 14 15 9 15 8 15
 14 10 10 13 10 11 8
 7 7 16 11 12 9 13
 9 8 7 11 19 10 7
 14 12 5 11 9 9 9
 19 10 8 10 9 12 14
 12 14 8 7 12 16 14
 11 6 8 9 10 6 11
 11 15 12 9 17 13 9
 13 10 13 10 6 10 16
 13 14 10 12 14 11 7
 14 8 19 17 17 12 13
 7 6 9 7 17 7 13
 11 14 16 12 11 8 11
 8 13 8 9 9 13 9
 9 6 9 14 11 9 18
 16 7 8 12 9 6 7
 11 7 13 15 8 15 8
 10 11 9 18 10 17 11
 10 10 7 9 16 11 15
 14 7 16 15 9 15 10
 5 13 8 15 13 17 7
 12 10 8 16 14 17 7
 8 7 10 5 8 13 14
 15 17 11 10 15 19 12
 10 8 8 18 8 6 19
 11 15 14 11 13 13 12
 12 6 12 10 6 13 6
 9 15 16 10 13 17 11
 5 10 12 13 18 12 8
 11 11 11 11 17 5 17
 18 12 9 11 12 5 17
 18 11 13 17 11 8 5
 10 12 16 10 17 15 7
 5 13 10 8 10 9 12
 10 8 7 17 6 11 11
 7 9 13 9 14 16 12
 7 11 16 10 9 8 13
 11 14 10 10 8 12 15
 10 14 8 7 8 14 11
 16 16 16 10 15 12 11
 11 10 13 7 8 15 11
 16 11 16 9 7 8 8
 6 12 13 5 11 19 13
 15 9 10 10 6 10 9
 10 14 8 10 12 20 18
 18 18 17 11 11 9 12
 10 14 12 17 15 7 15
 8 15 9 7 11 11 9
 18 10 10 6 7 11 12
 13 6 9 8 8 9 13
 17 9 13
 5 15 15 8 6 7 10
 16 12 13 13 9 7 19
 7 14 16 9 10 11 11
 11 8 11 6 12 13 12
 13 10 16 15 9 13 11
 16 9 7 12 11 14 10
 20 14 6 8 7 7 12
 17 9 11 9 9 12 9
 10 19 7 10 10 10 15
 6 18 9 12 12 14 9
 7 9 15 6 11 13 15
 14 11 13 10 8 15 12
 10 12 14 11 18 15 11
 7 10 8 11 18 11 10
 13 8 9 13 17 19 6
 9 9 14 7 6 17 8
 9 15 9 14 10 11 8
 11 17 10 10 12 13 10
 14 15 11 7 15 6 19
 6 13 9 13 10 14 6
 13 15 14 11 12 9 10
 17 11 9 10 5 12 10
 10 8 15 12 7 7 9
 8 15 7 8 15 11 10
 18 11 6 11 11 8 6
 15 8 12 14 15 14 14
 11 12 9 9 18 13 20
 18 10 8 5 13 11 13
 12 11 14 7 18 10 8
 13 11 16 11 7 17 9
 15 13 7 11 13 5 9
 13 9 17 17 18 15 13
 10 8 11 10 17 11 12
 9 8 16 10 9 13 12
 9 7 9 12 7 11 15
 9 6 13 7 10 9 19
 8 8 7 9 9 10 9
 17 8 8 10 10 9 15
 7 9 10 14 14 9 9
 10 15 11 10 15 7 18
 15 14 13 9 12 15 8
 8 14 5 9 15 18 10
 8 12 18 16 14 20 10
 11 6 17 5 11 9 16
 11 16 11 18 11 10 13
 7 14 8 14 7 5 18
 11 14 15 10 13 7 14
 16 10 9 13 11 8 9
 13 9 9 15 14 14 7
 7 18 9 13 16 14 9
 14 8 11 10 15 10 15
 19 8 7 12 13 5 11
 18 13 11 10 16 6 5
 14 17 16 5 8 14 11
 5 10 13 10 9 7 8
 7 7 7 17 7 7 12
 10 8 8 13 13 11 9
 13 13 11 10 9 12 11
 11 12 5 10 9 7 9
 16 10 10 8 12 9 10
 14 12 18 12 14 8 8
 9 17 13 8 11 12 9
 8 12 19 13 7 12 10
 8 8 10 9 14 20 10
 11 13 8 13 6 12 12
 11 10 15 11 13 20 10
 11 15 15 12 9 15 15
 16 9 8 12 9 12 16
 8 14 14 13 9 13 7
 13 15 15 10 11 8 10
 18 8 9 10 15 10 10
 10 9 9
 8 15 14 10 8 6 6
 15 14 8 13 8 10 18
 11 13 10 6 11 7 11
 5 7 9 9 10 12 8
 11 9 14 14 18 10 7
 13 9 8 7 8 11 17
 20 11 6 9 12 5 11
 10 9 12 11 5 9 11
 13 15 11 9 6 10 11
 5 14 15 13 9 9 10
 8 14 9 7 6 8 12
 13 17 10 5 8 16 9
 6 8 10 17 14 10 10
 5 13 8 8 18 12 8
 12 6 10 9 9 10 10
 9 5 10 12 9 10 7
 15 14 12 10 7 18 13
 9 16 9 13 7 13 12
 16 9 8 14 10 8 18
 11 8 15 11 10 14 7
 11 10 8 8 15 10 11
 11 13 6 14 10 13 8
 10 6 13 20 8 8 9
 8 10 15 8 11 12 5
 15 16 10 8 8 7 9
 19 7 10 12 14 17 11
 12 13 10 8 19 14 14
 10 8 11 10 13 6 9
 13 8 7 7 14 17 12
 8 10 10 17 5 9 12
 16 19 12 9 13 8 8
 12 9 19 19 19 10 9
 12 6 7 11 11 9 15
 10 11 17 15 10 7 13
 6 12 8 12 11 10 8
 5 7 17 13 6 7 11
 8 12 8 9 10 9 11
 19 10 14 16 10 8 13
 6 10 15 12 10 16 8
 13 10 5 10 9 9 12
 16 14 12 18 16 9 10
 8 15 7 12 11 11 8
 13 11 18 16 8 12 15
 13 8 9 11 14 12 12
 9 10 10 11 11 13 13
 10 12 9 16 9 6 12
 6 9 16 7 12 8 14
 18 8 14 8 8 10 10
 11 13 15 10 9 10 13
 7 18 10 19 14 12 15
 20 11 10 15 18 9 11
 12 8 7 8 17 6 13
 11 8 12 12 13 7 6
 18 9 8 6 15 11 13
 5 14 11 10 7 5 9
 8 13 12 15 8 11 10
 8 9 13 9 7 10 13
 9 8 18 11 16 10 17
 13 15 7 9 6 8 7
 16 15 13 12 11 8 12
 9 9 10 12 11 9 12
 13 9 7 7 9 9 9
 9 11 19 10 10 12 6
 7 14 14 6 12 13 9
 12 7 5 12 6 12 7
 13 14 11 12 13 14 13
 12 13 16 10 12 10 13
 18 7 9 16 15 12 9
 15 12 15 11 13 11 12
 12 16 9 7 6 6 13
 18 11 6 8 9 7 9
 17 5 16
 6 14 12 11 9 8 5
 12 8 11 10 12 12 10
 14 8 18 13 11 10 12
 10 8 8 5 9 15 12
 11 10 13 8 15 15 5
 9 14 10 6 7 8 10
 15 10 9 10 11 8 8
 10 6 16 7 6 12 11
 14 9 9 14 6 8 13
 8 12 9 13 8 9 7
 9 17 9 11 11 14 16
 8 16 16 9 13 15 11
 6 9 9 14 19 15 9
 5 9 8 12 16 14 14
 14 8 15 12 10 17 9
 14 8 13 8 10 15 10
 14 10 17 12 11 12 13
 9 10 8 12 12 12 15
 8 12 11 14 17 9 12
 12 9 11 11 10 12 6
 9 18 16 7 16 12 15
 12 12 12 9 7 19 10
 8 13 14 19 9 10 14
 10 15 12 10 14 16 6
 10 14 7 15 11 9 10
 16 9 10 11 14 13 9
 10 11 8 9 9 14 14
 19 8 14 10 13 11 7
 6 8 15 6 11 12 8
 14 12 9 10 9 14 15
 15 12 10 13 7 9 7
 14 9 17 15 13 12 12
 11 6 5 11 13 14 9
 15 15 12 16 8 10 14
 7 7 13 14 16 14 12
 7 11 12 13 9 14 19
 13 9 11 18 9 9 6
 16 10 16 17 13 11 12
 8 8 9 13 12 10 6
 13 10 7 10 10 12 15
 11 8 9 16 10 9 7
 5 8 5 8 14 11 10
 10 14 9 14 16 13 11
 12 9 15 9 9 10 8
 17 11 9 12 11 13 13
 7 11 11 14 7 7 12
 6 14 11 8 8 7 18
 9 6 11 14 8 6 9
 10 10 14 9 13 16 8
 6 18 8 9 16 19 8
 15 8 12 9 16 6 16
 12 13 6 7 11 8 14
 11 11 14 12 15 6 10
 13 18 10 6 14 10 7
 8 14 8 12 10 5 7
 11 7 7 12 9 6 9
 15 10 16 10 12 13 9
 13 11 10 13 16 13 16
 13 11 6 8 10 10 11
 13 19 14 13 15 11 13
 11 10 16 11 18 10 11
 13 10 10 7 8 14 12
 16 9 17 8 10 14 6
 5 13 13 7 11 17 11
 10 12 9 10 9 16 11
 12 11 14 11 8 11 15
 13 13 13 7 10 7 8
 14 7 8 15 15 7 12
 14 15 13 8 15 7 13
 13 16 16 7 11 10 12
 18 11 11 5 9 11 10
 16 8 11
 6 15 10 7 9 9 6
 15 14 10 10 10 7 16
 12 10 18 13 8 11 9
 8 9 10 5 11 11 13
 6 11 16 13 17 13 10
 16 17 9 11 8 16 14
 10 12 10 12 6 10 15
 16 11 16 12 8 12 13
 17 10 11 12 11 10 17
 10 19 8 12 9 9 11
 12 11 15 10 5 8 8
 11 8 14 11 11 12 10
 11 6 17 14 19 16 11
 11 6 9 9 10 12 15
 8 11 11 10 10 12 6
 8 6 13 11 6 11 11
 13 13 10 10 7 10 10
 11 15 10 15 12 12 12
 11 9 16 12 17 10 20
 12 14 8 10 8 12 8
 7 17 16 9 14 6 11
 14 14 7 15 10 13 5
 11 9 13 12 14 8 18
 6 13 7 9 18 8 8
 12 17 6 8 9 12 9
 12 5 9 14 8 16 15
 11 15 9 13 15 11 17
 19 7 11 9 16 9 10
 11 12 8 9 16 17 7
 8 11 15 15 6 10 12
 10 14 8 10 11 6 11
 15 8 20 15 14 14 13
 11 6 9 5 11 10 19
 14 8 10 11 13 8 10
 7 7 8 15 8 12 15
 9 10 14 7 7 8 13
 8 11 9 12 14 8 14
 10 9 10 10 15 10 13
 13 16 13 18 12 16 11
 6 7 11 11 15 7 10
 14 15 12 14 9 9 9
 6 12 5 15 14 12 12
 9 9 12 18 16 11 9
 9 13 11 7 11 7 14
 10 16 7 12 15 20 8
 5 14 12 11 13 11 12
 9 7 17 6 12 8 13
 15 10 13 15 9 6 11
 10 11 10 12 16 17 10
 11 10 7 17 12 16 8
 17 6 10 10 15 5 16
 18 11 10 8 19 9 17
 16 11 8 14 13 8 5
 17 11 8 6 9 15 13
 7 9 10 8 10 9 12
 12 10 8 13 11 11 11
 9 9 11 10 14 12 13
 10 14 16 12 15 11 9
 11 15 6 6 7 6 10
 15 9 8 10 13 9 7
 18 16 19 7 12 10 11
 10 8 12 5 8 11 12
 15 11 10 9 7 7 5
 8 9 7 9 15 14 14
 10 10 8 11 9 12 9
 17 11 13 16 13 16 17
 13 17 11 11 7 10 13
 15 13 9 14 12 6 8
 11 11 14 12 13 12 8
 17 12 11 8 6 7 17
 10 9 12 7 16 14 8
 16 9 12
 6 15 10 13 7 8 7
 9 9 8 18 8 6 17
 13 15 17 9 9 13 9
 6 7 6 7 11 13 11
 6 9 11 12 18 19 7
 15 12 7 8 10 10 13
 16 12 6 8 10 9 13
 13 5 10 12 9 8 10
 12 10 5 13 7 9 10
 7 19 14 14 8 17 6
 6 14 9 11 7 8 11
 7 12 13 8 12 14 12
 7 9 16 10 12 8 12
 9 6 12 10 18 9 16
 14 9 11 10 16 17 12
 11 5 11 8 12 18 10
 11 10 9 10 6 11 10
 11 16 6 8 9 10 18
 9 10 10 8 11 12 11
 10 9 11 15 5 13 10
 9 13 13 10 17 13 14
 9 10 10 11 10 18 7
 12 7 9 19 7 10 12
 5 10 12 6 14 10 7
 18 17 11 10 9 8 8
 18 6 11 10 9 13 8
 13 10 8 7 9 12 14
 14 10 7 6 14 13 7
 9 9 15 11 17 16 10
 8 7 15 15 5 15 17
 12 19 7 6 9 7 8
 15 9 13 17 17 10 8
 8 8 5 8 12 7 13
 11 12 9 8 12 11 10
 10 9 7 16 12 14 8
 6 10 9 12 10 9 15
 14 11 5 11 12 9 12
 19 8 15 15 8 8 15
 8 11 15 14 15 14 7
 8 10 8 11 10 11 16
 14 10 12 14 8 8 10
 9 14 9 9 14 13 10
 9 14 9 17 10 11 15
 8 12 11 9 10 11 8
 8 16 7 19 14 13 11
 10 11 10 12 9 6 12
 9 9 10 8 12 12 11
 12 8 17 15 7 13 10
 7 13 11 9 16 16 12
 6 14 9 11 9 16 8
 18 7 12 15 14 8 12
 10 13 12 13 16 8 10
 13 12 16 13 16 7 7
 10 10 9 5 11 11 7
 11 12 8 11 8 6 9
 6 11 7 12 8 6 10
 9 5 9 9 8 14 9
 7 9 18 10 15 12 15
 9 16 10 6 9 6 12
 11 9 12 10 8 8 13
 15 18 16 11 14 6 11
 9 11 9 10 12 16 5
 15 6 10 11 7 15 6
 7 12 9 5 10 18 13
 13 12 6 13 6 15 9
 11 15 13 15 9 9 18
 17 10 12 9 8 13 12
 11 9 12 19 15 10 11
 15 20 12 6 14 12 10
 17 13 16 12 10 9 15
 15 8 8 9 8 13 11
 17 5 11
 7 16 14 7 11 8 8
 9 12 10 16 8 7 10
 15 10 17 10 11 8 10
 6 10 7 9 11 18 13
 11 7 8 11 12 16 6
 11 14 10 6 13 11 8
 16 10 5 10 10 10 11
 19 5 10 9 5 14 16
 10 9 10 13 12 9 10
 5 16 7 8 12 13 11
 6 15 13 8 8 9 16
 13 8 11 10 14 14 14
 7 8 19 16 18 15 9
 5 13 11 11 9 12 8
 8 8 12 11 18 19 6
 11 6 13 9 10 13 9
 13 9 13 12 9 19 11
 12 16 6 8 8 8 16
 10 14 14 10 15 6 17
 7 9 16 16 7 11 11
 12 13 12 6 9 9 15
 13 13 12 14 6 18 8
 7 13 16 11 11 8 12
 8 11 11 12 17 13 5
 15 16 8 10 6 9 10
 15 8 14 10 10 10 10
 10 12 9 11 17 13 19
 13 7 12 11 14 12 11
 12 10 12 10 18 15 9
 9 13 13 12 7 18 15
 17 10 11 11 13 7 6
 18 10 16 15 12 15 11
 11 10 6 8 15 10 17
 14 15 9 15 11 13 16
 10 13 8 8 11 16 9
 5 12 15 7 7 7 14
 12 10 10 18 8 6 12
 20 8 14 17 12 8 10
 11 15 8 18 15 15 7
 7 15 7 8 11 11 15
 15 10 12 14 13 8 7
 7 10 5 7 8 13 7
 12 8 10 18 14 13 10
 15 8 12 11 10 9 16
 17 12 11 10 10 19 15
 10 10 11 16 13 10 15
 7 13 12 7 8 11 18
 10 6 17 16 6 10 10
 9 13 18 9 13 13 7
 8 18 9 17 13 18 12
 13 11 15 8 14 7 11
 15 7 8 14 18 5 15
 19 8 8 9 10 8 5
 16 12 9 7 15 16 7
 9 14 16 10 10 5 12
 7 12 8 15 6 8 9
 10 10 16 12 15 13 10
 8 11 13 15 9 13 9
 9 13 6 9 9 7 15
 13 16 9 14 13 8 8
 15 16 17 8 10 10 11
 10 16 9 9 8 13 12
 9 11 17 9 6 9 9
 5 8 11 8 8 17 17
 15 10 6 12 7 10 6
 9 15 8 8 9 19 11
 15 12 18 6 8 9 13
 9 12 8 13 9 13 15
 14 14 17 9 11 9 14
 15 16 18 8 10 5 11
 15 6 9 10 12 13 12
 14 9 10
 6 11 7 14 9 8 5
 10 15 14 15 12 12 19
 8 14 18 10 9 6 10
 9 11 6 5 6 16 10
 13 11 8 9 14 17 11
 14 9 9 9 9 13 10
 13 12 10 14 12 6 7
 17 10 12 13 7 13 16
 14 14 6 13 9 16 13
 8 13 12 9 7 9 10
 12 17 11 10 7 13 11
 13 12 10 12 14 15 11
 8 12 15 9 16 14 12
 8 11 12 13 15 9 13
 8 8 14 13 17 11 8
 9 5 14 13 11 20 11
 14 9 16 11 12 10 11
 10 15 11 12 10 8 16
 11 10 8 11 10 6 12
 9 14 10 10 10 8 9
 7 10 10 12 8 8 9
 14 8 9 9 8 17 11
 10 8 9 14 12 9 10
 11 12 13 7 16 10 10
 18 16 7 8 7 9 7
 16 9 9 12 8 10 12
 14 11 11 11 10 11 19
 17 9 8 5 9 10 8
 9 9 11 7 17 14 9
 8 14 16 15 8 12 17
 13 11 11 8 14 8 7
 19 5 12 17 19 8 12
 10 10 8 7 19 13 15
 10 7 9 11 12 13 14
 10 7 8 16 7 12 15
 9 11 10 12 11 14 14
 16 12 7 10 14 10 10
 10 6 10 9 9 14 10
 7 9 14 16 13 8 7
 6 15 11 7 8 9 16
 11 8 14 17 10 12 11
 7 12 6 12 11 18 6
 13 14 18 17 15 16 11
 15 12 16 10 12 9 17
 11 14 11 9 15 19 9
 10 9 11 10 8 8 15
 6 12 9 9 7 9 18
 14 11 11 9 7 7 9
 7 13 9 12 10 9 14
 9 18 15 18 14 16 8
 17 9 12 8 12 8 9
 10 11 12 14 13 6 9
 17 7 12 17 8 10 9
 13 13 12 10 16 14 8
 6 12 16 9 11 10 10
 13 13 6 11 9 7 11
 10 10 13 11 9 14 9
 8 9 17 10 16 14 18
 9 14 8 10 12 7 12
 11 12 13 7 13 14 11
 18 12 17 6 17 12 7
 13 8 8 8 6 9 7
 16 6 17 12 6 14 9
 9 11 10 6 13 14 12
 13 9 5 7 9 15 7
 10 12 13 10 14 10 16
 15 18 9 10 11 14 13
 14 10 11 11 16 10 12
 8 15 13 7 16 8 15
 10 17 13 10 7 10 13
 11 10 6 5 9 13 9
 9 11 15
 7 14 14 11 8 10 10
 15 14 9 18 11 11 17
 9 12 16 6 13 12 8
 5 9 7 7 9 17 10
 7 8 15 12 9 14 7
 12 14 11 12 6 14 8
 16 9 10 12 9 7 12
 14 10 13 8 6 16 14
 15 17 9 13 10 12 10
 7 17 13 11 7 10 10
 10 13 9 7 9 8 12
 8 11 12 6 8 12 16
 6 11 18 18 18 16 11
 6 9 7 13 19 11 14
 8 11 7 14 18 18 11
 14 5 12 9 6 11 6
 9 15 13 17 10 20 15
 13 15 11 11 8 8 13
 11 11 9 11 11 10 16
 10 10 8 10 5 13 5
 12 11 8 13 11 12 11
 14 14 10 13 9 10 9
 12 13 11 18 10 6 13
 8 14 8 9 18 14 10
 17 9 11 8 8 9 6
 18 7 14 7 8 12 9
 14 13 13 14 10 9 12
 17 8 12 7 14 8 14
 11 15 9 6 8 15 10
 7 11 9 10 11 14 10
 14 11 7 12 11 6 11
 19 6 11 12 13 15 10
 7 8 8 10 17 7 12
 11 9 16 12 9 15 10
 6 9 11 9 10 15 14
 9 6 12 9 8 9 10
 15 12 8 14 9 7 13
 17 7 15 9 16 9 11
 6 16 13 9 14 11 10
 9 13 8 6 10 7 12
 13 7 15 15 16 9 9
 8 13 10 9 9 14 11
 10 12 18 11 8 12 8
 11 12 16 7 17 8 10
 17 10 9 12 12 16 13
 6 15 6 16 11 10 19
 9 7 15 6 9 11 14
 18 13 16 16 7 12 12
 13 12 17 11 12 8 7
 9 17 14 12 17 13 8
 14 10 8 8 11 10 11
 11 7 7 8 10 10 12
 20 7 11 14 8 9 5
 12 12 16 10 17 11 11
 11 10 13 10 8 6 8
 13 7 10 13 7 11 13
 12 8 12 10 9 16 10
 8 7 13 12 9 11 10
 13 8 8 10 11 12 13
 14 18 9 9 8 15 11
 18 11 12 12 15 10 11
 14 14 11 7 12 8 7
 17 11 18 14 9 14 9
 10 14 7 8 14 15 15
 11 10 8 10 10 8 9
 13 13 8 8 13 19 16
 11 20 9 14 9 12 8
 15 9 9 11 16 10 9
 15 12 13 7 14 9 12
 13 15 18 9 10 11 10
 20 10 8 8 13 14 9
 16 8 13
 5 9 12 14 6 5 6
 14 12 10 18 11 7 11
 12 12 11 10 15 8 9
 9 6 12 5 12 9 7
 11 9 10 14 10 12 10
 17 17 8 10 11 12 11
 11 14 5 13 7 10 16
 14 8 12 10 6 12 14
 17 14 10 10 7 13 15
 8 18 15 7 10 14 8
 12 17 9 9 6 12 16
 11 14 13 11 7 17 11
 8 8 16 16 11 8 14
 10 10 14 9 18 15 9
 8 7 10 10 17 11 12
 9 5 10 9 10 17 9
 10 10 15 12 8 17 11
 9 9 7 14 10 8 13
 14 7 10 10 18 7 18
 8 9 15 14 5 10 9
 13 16 15 9 16 7 16
 11 10 9 8 6 17 7
 9 8 12 13 10 6 9
 8 8 14 7 16 12 8
 14 13 6 9 12 6 10
 16 11 9 13 13 8 11
 11 9 12 7 17 15 11
 10 5 7 6 17 14 9
 11 13 11 7 10 14 7
 12 11 17 18 7 17 10
 18 15 7 12 12 10 11
 17 7 11 16 17 10 10
 9 5 9 5 15 12 12
 13 8 14 9 12 9 16
 8 9 10 11 12 13 14
 7 6 15 9 6 12 17
 17 10 6 17 6 9 7
 10 8 13 16 15 9 13
 9 11 14 12 14 12 6
 13 13 12 6 15 8 18
 13 10 13 12 17 11 10
 10 14 6 12 15 13 11
 14 12 11 18 16 15 7
 8 9 11 8 13 12 17
 13 15 9 15 12 12 14
 6 10 12 10 7 11 19
 11 7 15 6 13 8 11
 13 11 13 16 7 8 9
 13 13 13 14 10 12 12
 10 19 14 15 10 10 15
 10 9 12 12 16 6 9
 19 12 10 8 12 8 12
 9 8 15 15 11 11 8
 13 15 8 8 11 13 9
 6 11 9 10 9 5 10
 10 9 10 11 9 8 15
 12 8 15 9 9 10 11
 13 12 19 12 12 13 14
 12 15 6 8 7 13 14
 17 19 13 12 8 9 7
 17 16 15 9 16 11 13
 14 13 10 8 8 9 9
 8 11 14 11 9 9 7
 8 8 9 10 13 12 10
 12 14 8 11 7 15 5
 11 8 10 16 8 9 15
 18 11 11 9 7 11 15
 11 8 7 10 14 11 13
 15 10 12 12 17 14 10
 17 15 19 11 10 10 9
 15 10 8 6 9 14 12
 11 8 15
 8 12 7 8 10 11 5
 10 15 8 16 6 6 16
 10 9 19 7 10 11 9
 8 10 11 10 12 19 12
 13 11 15 14 17 10 8
 13 9 10 12 11 14 16
 11 12 6 11 11 5 10
 19 7 11 10 6 16 14
 10 14 10 9 11 16 11
 7 18 12 15 11 15 6
 9 12 13 6 10 7 9
 9 10 12 6 12 13 12
 7 7 13 16 13 11 12
 6 10 9 14 15 14 11
 16 10 14 7 11 15 11
 13 10 9 6 9 10 11
 16 12 10 19 11 17 10
 7 13 9 12 7 6 15
 8 10 9 9 9 10 12
 8 7 11 9 9 10 10
 10 12 8 10 15 8 16
 11 12 6 8 10 16 10
 8 10 11 17 10 9 17
 5 16 11 12 11 8 8
 13 11 6 10 7 10 8
 18 6 14 8 11 13 15
 12 17 12 7 11 13 18
 12 10 14 11 9 8 8
 13 8 11 7 11 13 12
 10 13 16 15 9 18 17
 15 18 8 9 13 7 8
 12 6 15 10 9 13 8
 12 7 9 8 13 12 10
 12 14 12 13 8 13 14
 9 11 8 11 11 15 14
 10 12 9 7 12 12 19
 10 6 7 18 14 8 7
 17 7 8 10 12 10 9
 8 16 11 15 10 9 6
 8 10 7 9 12 8 14
 9 8 12 11 10 10 7
 9 8 10 8 11 11 12
 12 9 10 15 13 16 7
 14 7 12 7 13 6 9
 10 17 6 14 15 13 14
 9 9 7 17 6 11 18
 10 11 12 11 10 7 18
 17 13 12 15 6 11 7
 13 10 19 11 13 17 8
 5 12 9 11 16 18 14
 13 9 15 10 15 7 13
 9 9 9 10 11 10 17
 14 7 9 15 14 10 9
 10 13 15 7 12 8 12
 8 8 14 6 10 6 7
 10 6 9 15 7 9 13
 13 10 11 10 12 8 13
 11 12 17 12 9 11 13
 13 11 8 6 10 11 13
 9 13 9 8 8 11 11
 11 17 10 8 18 10 12
 15 9 12 8 8 13 7
 14 10 12 12 10 9 7
 5 10 11 9 9 17 16
 16 12 6 12 6 11 6
 11 11 13 15 12 13 19
 10 13 18 10 11 13 12
 19 8 11 12 7 8 14
 13 10 11 10 17 9 12
 15 14 15 10 9 11 16
 20 11 10 9 11 11 13
 14 10 15
 6 12 10 13 6 9 8
 10 8 7 18 13 10 17
 11 15 12 10 14 9 8
 10 10 8 7 11 10 13
 8 7 9 9 19 18 10
 13 12 7 12 9 16 16
 19 11 10 15 10 6 13
 15 6 12 12 7 12 15
 10 15 5 11 8 10 15
 9 17 13 11 7 14 9
 9 13 14 6 6 14 13
 11 12 14 9 10 11 15
 6 9 9 9 10 9 10
 9 12 12 7 18 9 13
 13 7 8 13 18 11 12
 11 5 17 9 8 17 8
 10 13 8 9 7 10 12
 8 9 10 10 8 9 15
 14 12 8 10 16 11 14
 10 11 13 10 8 12 5
 11 9 12 13 18 9 12
 16 11 12 14 8 11 8
 8 10 9 16 12 9 14
 10 13 12 11 10 10 7
 11 12 6 12 9 11 8
 18 5 8 11 7 8 11
 10 10 13 13 10 15 18
 18 5 10 8 14 12 8
 10 10 8 5 17 10 8
 14 9 10 15 6 12 13
 17 15 11 12 13 10 9
 11 11 12 16 18 14 10
 10 6 8 7 12 11 16
 9 13 13 11 12 14 15
 5 7 8 9 7 16 9
 8 11 12 12 7 8 16
 9 9 7 9 12 12 9
 19 10 11 15 16 14 11
 12 9 11 19 16 10 11
 8 11 9 6 12 7 17
 9 14 17 13 16 15 6
 6 15 10 13 13 17 10
 10 15 10 14 15 20 13
 11 8 18 6 15 6 10
 14 16 7 18 15 11 14
 8 11 7 11 8 7 10
 8 14 13 7 8 12 15
 17 13 17 10 10 9 11
 10 11 19 9 9 13 9
 8 17 13 12 13 20 14
 18 11 15 10 18 9 8
 13 7 8 13 15 10 18
 16 8 16 19 15 10 9
 11 19 11 9 11 11 11
 6 12 15 12 8 7 8
 9 6 6 13 8 7 10
 9 9 13 7 12 16 9
 8 7 17 17 17 7 9
 11 10 8 10 6 11 10
 16 12 8 7 9 14 14
 16 9 17 11 14 8 13
 9 17 8 7 7 10 9
 8 9 12 9 9 14 5
 6 14 11 5 13 18 17
 15 9 9 6 10 11 7
 12 16 11 11 10 17 14
 11 14 18 7 12 13 10
 16 11 11 9 12 11 11
 9 18 10 9 15 7 7
 13 13 11 6 11 10 10
 15 7 7 9 15 7 9
 15 11 13
 8 14 14 11 6 9 10
 12 8 9 13 13 8 17
 14 13 18 8 9 6 9
 7 7 11 8 7 15 9
 9 5 15 14 10 14 7
 9 17 12 8 7 12 16
 11 13 6 12 7 9 12
 13 10 14 9 8 12 16
 14 16 10 13 11 15 13
 7 18 9 9 10 11 10
 11 16 12 7 7 13 12
 7 10 9 8 12 15 13
 7 8 10 9 10 10 8
 7 6 14 7 11 9 11
 11 7 10 14 10 17 6
 9 9 15 13 8 13 6
 8 10 13 12 8 17 16
 12 10 10 15 10 14 10
 8 14 15 9 13 8 13
 13 10 11 18 11 8 6
 10 14 12 12 9 11 14
 10 8 6 8 10 13 8
 10 10 11 10 10 7 11
 10 12 13 7 16 7 10
 14 16 5 12 6 9 9
 11 6 8 12 15 9 11
 10 15 12 7 11 12 14
 17 10 9 9 11 7 9
 10 8 10 11 13 10 6
 10 12 17 14 10 19 12
 12 16 12 6 12 7 11
 11 8 10 12 15 13 10
 7 8 9 9 12 13 17
 13 14 17 11 8 9 9
 5 10 8 15 11 14 8
 5 11 16 12 11 15 12
 8 12 7 16 8 9 11
 16 9 12 12 9 9 8
 7 9 12 10 16 12 8
 10 11 11 10 13 9 17
 11 11 11 16 8 12 7
 5 15 9 11 15 10 7
 12 11 10 12 13 13 14
 11 10 9 8 12 11 12
 13 15 9 14 12 18 16
 11 13 9 10 13 8 14
 6 7 15 8 12 8 17
 13 11 13 12 8 6 8
 13 14 18 9 16 15 7
 7 17 8 10 18 16 14
 14 7 16 7 11 10 12
 9 7 11 9 18 5 17
 11 11 8 19 9 9 10
 9 19 15 9 17 11 9
 5 14 13 10 8 8 12
 8 11 7 10 11 9 13
 13 6 15 8 8 12 7
 11 11 9 14 8 13 12
 8 11 8 11 8 10 8
 15 13 10 14 8 16 13
 12 10 10 10 15 10 13
 16 14 8 8 6 10 11
 12 9 17 11 7 10 8
 10 13 14 10 13 18 9
 13 9 5 9 9 11 12
 16 14 11 12 10 13 12
 9 20 16 8 7 12 11
 16 12 7 10 14 6 8
 10 19 10 9 9 12 11
 13 10 10 12 11 11 9
 19 8 11 7 14 6 15
 17 5 15
 9 15 11 12 8 9 10
 8 7 11 13 13 9 13
 13 14 10 7 15 8 9
 8 10 12 10 12 13 12
 13 9 10 14 16 12 8
 13 17 11 11 10 8 16
 17 12 6 8 6 5 15
 15 10 10 13 10 12 9
 11 14 7 14 9 14 15
 5 10 15 14 6 10 8
 6 16 10 9 7 12 8
 10 9 18 11 14 9 12
 5 11 15 11 11 9 11
 8 8 14 13 9 10 15
 15 10 12 13 15 12 6
 13 5 11 12 8 12 11
 9 10 12 19 13 15 9
 9 15 6 16 13 10 14
 13 14 14 7 18 5 17
 8 13 16 17 6 12 6
 10 16 17 9 12 10 12
 16 12 8 10 8 14 11
 7 12 13 16 9 6 10
 9 11 11 7 16 9 5
 12 11 9 10 8 12 7
 10 9 12 7 12 8 9
 12 16 11 14 10 18 12
 11 7 12 8 16 14 11
 7 8 15 11 17 10 10
 10 14 17 13 10 13 12
 13 10 10 7 10 5 7
 17 10 15 13 11 13 12
 11 7 10 8 17 11 9
 15 10 12 14 7 7 14
 6 11 6 12 8 16 10
 7 11 12 8 7 9 12
 12 9 9 13 9 12 11
 11 6 13 9 12 9 14
 7 10 10 17 15 12 9
 8 15 7 8 11 12 14
 10 9 15 16 13 15 11
 6 12 9 11 10 11 5
 14 15 13 10 11 11 12
 12 7 15 8 11 13 12
 18 18 7 11 8 16 10
 10 11 6 14 13 10 10
 11 11 12 7 7 8 16
 9 6 16 11 7 9 10
 11 13 12 11 16 11 7
 9 12 13 13 13 14 12
 19 11 15 9 15 8 11
 12 11 11 12 15 9 10
 11 7 8 13 9 9 6
 11 13 15 5 10 12 8
 7 9 8 8 12 10 8
 8 12 13 16 11 10 13
 14 7 11 7 7 11 12
 11 14 9 9 12 12 11
 13 12 10 7 11 9 14
 14 15 11 13 9 16 13
 15 15 15 10 13 11 9
 14 9 13 6 8 8 6
 13 10 19 10 9 10 8
 9 12 7 6 12 11 13
 13 7 6 10 9 16 11
 11 16 11 11 15 18 16
 10 19 14 7 11 12 13
 13 7 11 17 15 10 8
 14 16 10 6 16 8 9
 10 12 17 8 6 11 12
 16 9 10 8 7 7 15
 13 6 15
 6 12 7 9 6 5 10
 8 8 12 12 7 12 16
 9 16 15 7 14 8 11
 6 11 7 10 7 15 11
 12 7 16 10 10 15 7
 15 9 7 12 13 11 13
 16 14 7 8 12 5 8
 15 6 14 8 6 13 15
 17 16 10 7 6 12 9
 7 16 15 13 11 17 12
 9 14 13 12 7 11 15
 14 12 10 8 9 11 10
 10 9 10 17 15 8 13
 6 7 15 14 10 9 10
 11 10 7 13 11 15 10
 11 8 15 11 6 18 6
 12 7 9 10 9 11 10
 6 11 10 13 13 9 16
 12 14 9 9 10 10 11
 12 13 15 17 8 9 5
 13 9 17 7 15 10 13
 11 8 12 16 9 10 9
 8 8 9 17 13 8 13
 9 15 11 11 16 10 6
 12 17 6 13 8 11 5
 12 7 11 11 13 8 17
 7 16 13 9 17 12 17
 17 9 13 6 14 10 8
 12 13 11 8 13 15 6
 7 8 9 9 5 16 8
 18 14 7 7 13 7 8
 10 11 12 10 19 15 12
 7 11 8 9 12 8 11
 13 12 16 11 7 12 8
 5 10 8 11 13 9 12
 8 7 8 14 12 15 10
 12 12 7 18 12 12 13
 13 6 14 9 8 13 12
 8 12 12 13 14 9 11
 12 10 11 9 15 9 13
 17 14 12 9 9 14 13
 9 14 5 15 15 18 12
 12 11 11 11 16 12 12
 14 9 11 6 8 8 11
 12 17 8 9 13 20 14
 8 10 9 12 13 10 18
 6 8 9 9 11 12 15
 13 8 16 14 7 12 9
 14 11 17 10 9 10 7
 9 19 14 12 12 11 12
 10 7 10 12 15 6 17
 15 7 7 12 19 8 10
 19 12 12 17 17 6 5
 10 17 11 9 15 17 7
 8 11 12 8 6 8 9
 11 12 7 16 9 6 12
 14 8 15 12 15 13 9
 7 8 19 12 8 12 8
 12 14 5 8 6 6 15
 11 13 8 11 8 13 13
 9 11 17 9 12 6 14
 11 12 13 6 10 17 11
 16 10 16 10 10 9 7
 8 9 13 7 9 15 18
 15 14 7 9 11 17 8
 9 15 13 16 12 13 19
 16 14 15 11 11 12 15
 16 8 11 9 9 10 13
 13 15 10 7 17 12 13
 19 11 18 9 10 7 13
 16 8 10 7 16 9 10
 14 11 12
 7 13 14 8 5 8 9
 16 11 11 16 8 6 13
 10 9 17 13 12 8 9
 7 12 11 7 10 12 9
 13 7 10 7 13 18 8
 16 16 9 8 12 9 14
 18 8 9 11 12 7 14
 11 12 15 8 10 16 16
 9 18 7 14 12 10 16
 6 13 15 11 13 14 8
 7 11 16 11 9 8 10
 11 9 17 5 13 14 15
 6 7 12 15 10 10 13
 11 8 9 8 18 9 12
 11 6 14 12 10 14 11
 12 9 11 7 9 19 9
 15 11 8 11 12 19 10
 10 8 6 16 11 7 15
 7 12 11 8 15 7 12
 9 13 9 14 9 8 7
 12 10 10 8 16 11 16
 9 14 10 11 11 16 7
 12 10 16 16 15 11 17
 9 11 13 11 18 10 9
 11 14 10 12 9 6 6
 12 7 10 12 9 13 16
 12 14 10 12 12 13 15
 13 7 14 10 13 14 9
 8 10 14 10 11 11 7
 8 13 16 18 9 19 13
 18 15 11 13 14 6 10
 17 6 17 13 14 12 9
 12 6 7 6 17 7 14
 11 9 12 16 10 10 18
 7 10 10 13 16 16 9
 6 7 14 13 11 15 13
 17 12 11 17 12 9 9
 10 10 15 17 11 12 9
 9 10 13 14 15 8 10
 13 9 11 9 13 11 10
 17 8 10 12 13 13 12
 8 8 5 8 10 14 8
 15 10 17 13 16 15 13
 15 8 18 11 17 9 11
 15 18 11 12 15 18 10
 8 9 11 8 10 5 12
 8 11 11 11 9 9 16
 17 9 10 9 10 12 9
 10 15 16 12 15 14 13
 11 11 13 12 16 13 13
 18 8 12 12 10 5 11
 13 9 10 7 18 7 16
 11 12 10 17 15 9 8
 14 13 8 10 9 11 12
 9 13 16 8 12 5 12
 6 11 9 12 7 7 13
 14 8 8 14 8 16 12
 14 13 12 13 12 13 13
 13 8 10 8 8 6 8
 12 14 8 10 14 15 7
 16 17 11 10 11 12 12
 9 11 11 6 12 8 11
 13 9 9 10 5 8 5
 5 7 8 7 8 12 11
 8 8 10 7 6 8 11
 17 17 14 10 12 16 11
 13 12 11 9 11 14 12
 13 13 10 16 14 7 10
 14 18 17 11 18 9 14
 13 11 10 6 11 8 14
 18 10 6 8 14 11 15
 11 11 8
 5 7 12 9 10 10 9
 16 12 12 13 12 6 14
 13 8 10 6 14 6 11
 6 12 11 5 11 9 12
 13 9 11 11 12 10 10
 10 11 12 7 10 11 13
 18 11 6 11 13 9 10
 17 5 10 15 8 9 13
 9 15 8 13 10 11 16
 7 14 15 13 8 17 11
 6 10 12 11 9 10 16
 6 13 15 6 11 10 12
 9 11 15 15 17 15 8
 10 10 13 8 18 10 11
 11 8 9 8 18 17 8
 9 10 12 7 9 10 10
 13 14 9 10 11 12 15
 9 16 7 11 13 12 17
 13 11 12 9 14 5 10
 13 15 10 18 6 9 6
 12 16 15 7 14 11 10
 15 7 10 16 5 12 5
 12 6 13 17 9 9 13
 10 15 12 11 10 8 5
 10 18 10 8 9 9 11
 15 5 10 7 9 10 17
 8 14 12 8 12 15 16
 19 9 13 7 14 13 9
 9 9 11 11 14 11 8
 8 14 18 9 8 16 14
 11 9 12 7 12 8 6
 13 6 13 12 14 11 8
 6 7 11 8 11 9 15
 10 13 17 15 12 10 13
 11 8 7 13 15 11 11
 8 11 14 11 11 9 12
 8 8 6 13 10 7 12
 20 5 9 10 16 15 13
 8 16 10 12 10 11 10
 13 10 11 10 10 9 11
 13 15 14 13 8 15 12
 10 12 7 13 15 17 9
 10 11 16 17 13 14 14
 13 9 16 11 12 12 16
 17 15 11 13 14 14 10
 8 11 9 13 8 10 14
 9 10 11 5 9 7 16
 17 12 16 9 9 9 8
 11 15 14 14 10 16 9
 9 15 7 13 9 11 9
 18 10 12 9 17 5 15
 14 10 10 11 13 6 14
 13 10 11 17 15 9 10
 12 19 9 5 13 9 12
 8 14 8 7 13 9 7
 12 10 7 15 8 9 11
 13 7 13 10 11 11 9
 11 14 19 14 9 8 14
 9 11 8 8 5 11 10
 11 19 10 10 12 9 14
 9 9 15 12 9 7 8
 13 12 7 10 10 15 6
 16 7 17 15 11 12 9
 10 9 10 8 13 17 15
 13 10 9 7 11 16 8
 17 9 11 13 8 13 19
 11 13 13 11 11 11 14
 9 9 11 19 13 9 12
 12 13 11 10 15 7 7
 17 17 9 13 8 11 12
 15 9 9 5 9 10 15
 17 7 11
 2774 2788 2724 2810 2794 2786 2799
 2834 2813 2821 2727 2786 2800 2723
 2811 2791 2800 2798 2768 2794 2745
 2767 2792 2828 2795